,frequency,25 C-lower power,25up,30up,35up,40down,45down,50,45,40,35,30,25,20,15,10,10,-30,-20,0
0,2811100000,0.9984892521344769,0.9991420629996538,0.9994776430946402,0.9988602575282212,0.9990685961050433,1.0002675854490326,1.0000111650584336,0.9991527531741776,0.9991026561299827,0.999092552269907,0.9991361038788478,0.9987459546378851,0.9991020287037051,0.999256603074623,0.998747763632164,0.9990729077731463,0.9995478925578175,0.9985289298802297,0.9995478925578175
1,2812200000,0.9991103934415295,0.999348647377137,0.9989449778180576,0.9990016375549816,0.9993130662177584,0.9990810506486094,0.9994864022822765,0.9991231235302154,0.9998138599638741,0.9980836026964143,0.9995535602995762,0.9983178020999457,0.99944935050016,0.9998515220256144,0.9990503524707933,0.9976183919600687,0.9985088316733678,0.9993702963031121,0.9985088316733678
2,2813300000,1.0000443398211918,0.9999603947770008,0.9992576339115203,0.9991808540032272,0.9994659812807147,0.9994087410949487,0.9989285791982888,0.9990184677562268,0.9988794142875728,0.999802901303614,0.9984711634387714,0.9992688425926289,0.9989513623549008,0.9995465297714318,0.9998022867573104,0.9991263970464027,0.9991321777989678,0.9996958109865629,0.9991321777989678
3,2814400000,0.9991635828151693,0.9991921761219813,0.9989273038823021,0.9996733584802168,0.99955407280922,1.0004712775058906,1.0005295942692307,0.9993697929395269,0.9982312487482793,1.0001265681123088,0.9995699397110905,0.9991651059173429,0.9994975662740446,1.000190453963083,0.9990445147886431,1.0004416120743598,0.9986299852993755,0.9993506401195537,0.9986299852993755
4,2815500000,0.999712756262262,0.9993898955516435,0.9985377642603429,1.0002899729017956,0.9995894001490624,0.9991832282519866,0.9993365044289424,0.9999648629889007,0.9995549620189764,0.9987769971914388,0.999887444124585,0.9987719531904591,0.998213590179425,0.9997090061358027,0.9998759083773944,0.998779888434001,0.9990825967659855,0.997855249418819,0.9990825967659855
5,2816600000,0.9998234433209214,0.9997932003822892,0.9998345227639078,0.998766575523095,0.9998965534580231,0.9989501661833854,0.9992639932585435,0.9989644139405568,0.9986391720211383,0.9997770306558541,0.9988362496319628,1.0000130469986286,0.9987268147887091,0.999210904031803,0.9995481238634316,0.9992633394560733,0.9996832231431759,1.0002588784917543,0.9996832231431759
6,2817700000,0.999924254605072,0.9992486485483669,0.999599053298106,0.9991395693317455,0.9992532992512266,0.9995487259670096,1.0002020082414833,0.9995839926262041,1.000125320023091,0.9982705977521841,0.9997126957714527,0.9992975834845399,0.999376484681603,0.9990199068724378,0.9978195905047835,0.9987675463904742,0.9991281320538352,0.9990189546590675,0.9991281320538352
7,2818800000,0.9992201010691601,0.9991055089964419,0.9982982173823246,1.00031459427449,0.9996700435071489,1.0000488185166951,0.9997424423656164,0.9993673262131703,0.9998154170408883,1.0003190208578778,0.9993540569054626,1.001383135152968,1.0001116523397628,0.9999556178877216,0.9989368417349533,0.9994527837782571,0.9990698204590506,0.9979611838944257,0.9990698204590506
8,2819900000,0.9987900341233337,0.9997176749848069,1.0003352661693554,1.000236844768418,1.000613435830164,1.0005257686974156,0.9988213369648242,0.9987260137527609,0.9999880604506806,0.9992403145552115,1.0004545239571492,0.9998318550650637,0.9988349010064758,0.9987355733520215,0.9995958716815474,0.9995943649488565,0.9997053801188369,1.0003259200165162,0.9997053801188369
9,2821000000,0.9992446553711425,0.9997621339003991,0.9996036698806676,1.0011550546844254,0.9997616337575445,0.9995973154771203,0.9999196027880404,1.0001686202111384,0.9997857111576841,0.9999820050663055,0.9997511569907919,0.9996860037986603,0.9988391235173063,0.9991806694993915,0.9999750014809259,0.9993904493971363,0.9990628027110428,1.0000227719893997,0.9990628027110428
10,2822100000,0.999787339786505,1.0004830155537798,0.9999037429622553,0.9994488151525599,0.9994733196906995,0.9992787315831421,1.0011065636659409,0.9999847115276697,1.0003112925715143,0.9997254735935658,1.0006705512834162,1.0003505373607762,1.0001849550129809,0.9998855627961116,0.9994766126037287,0.9989675522275298,1.000545307774417,0.9995176365304117,1.000545307774417
11,2823200000,0.9992255115973583,1.0003444430179889,0.9993296355354798,0.9998202667667658,0.9998218479896642,1.0010883879633177,1.000180624248253,1.0002272202303386,1.0005127794550217,0.9998244190854955,0.9987344545918391,0.9994061246649347,0.9994455034595594,0.9990123679047632,1.000173612711052,0.9997012589474225,1.0000154585501575,0.9979403728182109,1.0000154585501575
12,2824300000,0.9968861576188687,0.9996891368506498,0.9989397326768218,0.999945577902972,0.9996149950441507,0.9995209620968557,1.000388205600528,1.0000335264441085,1.0009638335086146,0.9995763116282276,0.9995249383191688,0.999325790295189,0.9997020479630268,0.9999073263378876,0.9997369936170819,0.9997365710040917,1.0004203567093601,0.9990006309127771,1.0004203567093601
13,2825400000,1.0002608388808334,0.9993133906111918,1.000814381203754,0.9999610414638136,0.9998306467990882,0.9998956792114899,1.0000058097094016,1.0004283475938054,0.9999593310417982,0.9985383133587608,0.9991488174441387,0.9996205120815108,1.0003725514362365,1.000249615263467,0.9999044990711964,1.0003639131347766,0.9981657423966713,0.9969704278134829,0.9981657423966713
14,2826500000,1.000280099744054,1.0002095890034983,0.9992009066245466,0.9996221912485072,1.0003648676663697,1.0003815173135422,0.9991339636295969,1.000797845741837,0.9995069883643513,0.9992577029283376,0.9995687608545957,1.0002414346646389,0.9995388060971621,0.9994745322565317,1.0000242819975436,0.9989617505201112,0.999223867077689,0.9997090617277918,0.999223867077689
15,2827600000,1.001286263167934,0.999522768267359,0.9998852188665701,1.0002840311842884,0.9999693728261961,0.9988421284329222,0.9999327104457351,1.000496129106081,1.0001760100463037,1.000950801666597,1.0002555571841514,1.0000668816086842,1.000169462157763,1.0013445507668501,1.000203137472832,0.9992676892177407,1.0005534071303266,0.9993702948049384,1.0005534071303266
16,2828700000,0.9998026358071505,0.9996370204999628,1.000146965794966,0.9999833866026447,0.9999468371348837,1.0000621028347272,1.0001600668999244,0.99984423679534,0.9989591359261408,0.9995141371661068,1.0009348166855805,1.0004881199933644,1.0005141204257626,0.9997401043583992,1.0001640027038816,0.9998673180848298,0.9976897222535439,0.9991268778842084,0.9976897222535439
17,2829800000,0.9982203717307016,0.9999763433816012,1.000147784907862,1.0001040046964436,1.0006043925437245,0.9982527030511671,1.0002748627539064,0.9984760067563255,0.9999227518245656,1.0007575877639527,1.0003421753080015,0.9990992738258235,0.9991894384372149,0.9998718872716393,1.0004286800859419,1.0000643330978722,0.9998619173788956,1.000901220680459,0.9998619173788956
18,2830900000,1.0001218777033947,0.9990081918306899,0.9995933156550705,0.9994397383043288,0.9993739505776612,0.9997451877288693,0.9999621155277555,1.0002444364080567,0.9996745813944158,0.9999250612774202,1.0004201546483829,0.9996286074971503,0.9994984393488962,0.9994030360694521,0.9998222607440759,1.0002628304662782,1.0003677437221243,1.0008624733277167,1.0003677437221243
19,2832000000,0.9998969958231625,1.0007824248359902,1.0000083505834212,1.00001445808092,1.000764888415485,0.9992071792356019,0.9986760520730305,0.9995468995558581,0.9986998474575222,0.999069227997285,0.9986878610190334,1.0001103693501743,0.9998114197434428,0.9996191719425761,0.9991984143955319,1.0008252308811023,1.0002902415743717,0.9990344877941831,1.0002902415743717
20,2833100000,1.0001841891983274,0.9988205495303322,1.0004606108496183,0.9995458468087405,0.9995320653048791,1.0000338711390815,0.9988670702252926,0.9998013759089457,0.9996382427495483,0.9994386970746266,0.9990710544982249,1.0000478568212838,1.0003709136356256,0.9996344134275278,1.0000133963427136,0.999937652370476,0.9988006238679796,1.0007523248261583,0.9988006238679796
21,2834200000,0.9987786269937567,0.9994438081541553,0.9993705489737387,0.9992598445817342,0.9992897083700858,1.000542133521387,0.9993935612765644,0.9999506364134361,0.9988845612935584,1.0000250843453782,0.9998753575586264,0.9995319095492793,1.000476393669532,0.9994479758413601,1.001301963007323,0.9998964432645693,0.9989768440420166,1.000902599263099,0.9989768440420166
22,2835300000,0.9994939072912491,0.9991494326542529,0.9987424333318351,0.9998589643425639,0.9995132789029298,0.9990361981648165,0.9988165307336276,0.998921816227431,0.9991146211868163,0.9996761027428325,0.9993250075886825,0.9997439204773048,0.9990737758324559,1.0003133195072178,0.9986598014579016,0.999152448137688,0.999055915786422,1.0016804670608985,0.999055915786422
23,2836400000,0.9980553972692969,0.9996422859854095,1.000027584229421,0.9992382992724949,0.9993182759897506,1.000179419919446,0.999733335926487,0.9990637311865368,0.9984975957374049,0.9990165100875105,1.0003574279409881,0.9986377464539545,0.998616152247721,1.0003488286259135,0.9990735987513981,0.9997539575725644,0.9993595390919837,0.9998486815949,0.9993595390919837
24,2837500000,0.9997454154784323,0.9993701577256664,0.9994552679645891,1.0000818363441013,0.9996558579233393,1.0002112135868018,1.0008757894765012,1.0003292079984583,0.998707652411932,0.9990771333380315,0.9998701673429359,0.9999409990370688,0.9999710026945443,0.9989634248703789,0.9995698172534893,0.9984740459871877,1.0001476912262044,0.9987073469172221,1.0001476912262044
25,2838600000,0.9984826169042987,0.9986235306735739,1.000249323560844,0.99916533068609,0.9990605910300989,0.9998963563421086,0.9989464383230519,0.9990188133659483,0.999787293846638,0.9998293394652227,0.9987691811087355,0.9994478361481212,0.9999012773252787,0.9995456430972124,0.9993771728637788,0.9994535981553125,0.9997570216610068,0.9995808160585694,0.9997570216610068
26,2839700000,0.9996129805749016,0.9990708011950679,0.9994304077279104,0.999552746311317,0.9997688416523068,0.9984585749581001,0.999251111112326,1.000340115527508,0.999743218384366,1.0000844204659716,0.9991909312171661,0.9990582388296452,0.9995733366470306,0.9988109138456601,0.999918480926297,0.9987144520448292,1.0003942842850304,0.997939355540441,1.0003942842850304
27,2840800000,0.9989047281677234,0.9999728447846167,0.9994216118728616,0.9995065420189672,0.9994606438649277,0.9996303451052563,0.9989283350427214,0.9988361703684745,0.9984750553849348,0.9982227925929728,0.999362810900946,0.9984746430082975,0.9988462815090737,0.99946669286433,0.9985774072376098,0.9999094892149959,0.9987230395980278,0.9998322481222985,0.9987230395980278
28,2841900000,1.0003222180211389,0.9985322314986438,0.9994412755490317,0.9999960842011051,0.9990773384299801,0.9979432541030259,0.9993460016761094,0.9983571294469273,0.9991115571875102,0.9980621502789506,0.9992397042095625,0.9995582365079682,0.9983276265706266,1.000109930662051,0.9998675554846355,1.0001557735570643,0.9979889639974175,0.9995186403423434,0.9979889639974175
29,2843000000,0.9990581365895088,0.999292815325022,0.9997574834554601,0.9989707048327882,0.9981901994921347,0.9984397764290576,0.9993375996535506,0.9979938461743141,0.999296988039535,0.9980001573078091,0.997443660217365,0.9983826501976945,0.9994516371586906,0.9998817774378115,0.9990149572580209,0.9983968481086678,0.9990137532881853,0.9971403763031409,0.9990137532881853
30,2844100000,0.9988002685708288,0.9981562790321763,0.9990506570977835,0.9988638554941943,0.99903666620805,0.9976230252428313,0.9991837295707687,0.9987202037669437,0.9989663930326789,0.9996119608573434,0.9978181378319412,0.9978989768717128,0.9994419448126182,0.9983864958778375,1.0004181950395148,0.9986273279162032,0.9971463073908325,0.9972530233181784,0.9971463073908325
31,2845200000,0.9984292136055631,0.9992530478316688,0.9979821748017879,0.9995927586707509,0.9982266223208063,0.9986513308512696,0.9983487641416839,0.9991088870682812,0.9981483327054925,1.0003357645095763,0.9982917734663616,0.9996691969010506,0.9985013229873817,0.9978506736242194,0.9988369320376553,0.9992259088976968,0.9986564684991822,0.9993224882478946,0.9986564684991822
32,2846300000,0.999018252699351,0.9987806186387607,0.9993868532100396,0.9993837139689872,0.9986699066726682,0.9993891417613608,0.9980171940814416,0.9987728390392763,0.9979773967263261,0.9981444022186508,0.9982689215175659,0.9987826188161562,0.9988267167411393,0.9986408550689481,0.998773746652239,0.9980125564833642,0.9992076267611154,0.9987176658514079,0.9992076267611154
33,2847400000,0.9980613736423798,0.9989356973463506,0.9998714495510131,0.9984335727504645,0.9983133631623243,0.9969751009539316,0.9974010133874086,0.9970854300342002,0.9983390841611642,0.9979789891331081,0.9988777666717914,0.9972928610881228,0.9987377077433681,0.9983657370410668,0.9990326168133219,0.9999029977478561,0.9983705795503673,1.000743112241967,0.9983705795503673
34,2848500000,0.9990313245339844,0.9975990414755888,0.997758592786289,0.9981090605347175,0.9975431460125578,0.9979309812941155,0.9971113200325205,0.9981679117638358,0.9977133700460526,0.9974010611806986,0.9970209312109608,0.9989456944024286,0.9977688033168189,0.9984008322652695,0.999170533274655,0.9994045013947278,0.9987469933358988,0.9990746133397723,0.9987469933358988
35,2849600000,0.9974963960921175,0.9985790098999604,0.9978993752872172,0.9966814013434631,0.9978139527440972,0.9962382154418882,0.996681171079425,0.9982302641733141,0.9970087261752357,0.9969960746966454,0.9974414488345656,0.9984072330541391,0.9971431024406554,0.9988650328393875,0.9975446942172785,0.9972839593497845,0.9992061143520571,0.9968525817843028,0.9992061143520571
36,2850700000,0.9968155674913788,0.9973474477562007,0.997808464687079,0.9968892896169258,0.9975018164273026,0.9962602657484536,0.9974852103995508,0.9963120150331727,0.9969115222270284,0.9967834113788608,0.9970419595965496,0.9975502353016288,0.9980907762038513,0.9983967272375684,0.9986749075653396,0.9980888536247713,0.9986069892389077,0.9981121902333433,0.9986069892389077
37,2851800000,0.9966040424774997,0.9983427986937647,0.9965847963322788,0.9961724206890022,0.9952599456954424,0.9952381629146133,0.9957104105999429,0.9958768225715773,0.9962852296116349,0.9963187247905919,0.9966727694707032,0.9974347463180778,0.99720769753561,0.9970768579843277,0.9970666058348747,0.9978439818000392,0.9989614664299132,0.9967078380638458,0.9989614664299132
38,2852900000,0.9965492669545175,0.9965742438544558,0.9960783139869688,0.9955898780578023,0.9950747759202897,0.9946302548520547,0.9955934622817879,0.9942858374488471,0.9951950475154193,0.9966777033923382,0.9950056442027022,0.9968390162213472,0.996305388331035,0.9960805062733691,0.9967131868759819,0.9966625599366767,0.9980291924532124,0.9964501783449838,0.9980291924532124
39,2854000000,0.9958904795261218,0.9954398724065706,0.9943806276839019,0.9947864384390569,0.9938963883155356,0.9936426481162205,0.9922851959767691,0.9937122835712339,0.9939523637583575,0.9954954424837508,0.9944683423610903,0.9938193424458935,0.9975209013368009,0.9955469272927961,0.9967017891297816,0.9972784205368267,0.9975179615458512,0.9968369108221254,0.9975179615458512
40,2855100000,0.9942215921544881,0.9946470517506126,0.9942943868273019,0.9934517701500188,0.9934484820510954,0.9930999621372729,0.9913909988769125,0.9925892348789216,0.9923650647099713,0.9936062376957173,0.9933051476603327,0.9940939748397585,0.9954164097994473,0.9942974799766977,0.9955663050725825,0.9942485083620073,0.9968945128693191,0.9958198727832333,0.9968945128693191
41,2856200000,0.9933679422285977,0.992928510956621,0.9932005067734281,0.9914179994179905,0.9914537015681802,0.9894988755127497,0.9898693202467891,0.9913378199176343,0.9908520007273179,0.9905789545338923,0.991508004358806,0.9927943399326975,0.9944639931058387,0.9927397560312209,0.9941950346117396,0.9945129309377302,0.9954481476349263,0.9946472674425283,0.9954481476349263
42,2857300000,0.992224430235566,0.9917261407308214,0.9914738284479265,0.9905372301901778,0.9908758137840207,0.9886108028834719,0.9878089410605189,0.9879854142179115,0.989735879300643,0.9887847502727731,0.9907694900177326,0.9907398318782853,0.992255612282466,0.9921450872308714,0.9931361601929696,0.9915407920711635,0.9935037379938291,0.9938757883212657,0.9935037379938291
43,2858400000,0.9916786226169649,0.9893572821168201,0.9893166745234815,0.9888426792231978,0.9884810994370735,0.986983780055098,0.9859510222497779,0.9866277775446355,0.988109573542021,0.9872449503992791,0.9897634491128292,0.9892899410066495,0.9914276388703968,0.9894377812777144,0.9922017229691059,0.9918526745217301,0.9956368769033085,0.992183334477035,0.9956368769033085
44,2859500000,0.9888489113940315,0.9879120573971777,0.9877318296271766,0.9867196902302431,0.9862856058010646,0.9860163873831342,0.9826071426522857,0.9849657459700224,0.984086415941766,0.9858646708901531,0.9880254526496121,0.9885276245262199,0.9894759509243247,0.9882919923356858,0.9893230887304825,0.9883290679822934,0.9929569829598907,0.990131686569379,0.9929569829598907
45,2860600000,0.987315531282695,0.9863162229729773,0.9861963107298096,0.9842032677196824,0.9835369116862691,0.9832192726663104,0.9809949729981401,0.9825750617060974,0.9818535150613213,0.9833853063618204,0.9836138010836796,0.9853232606619685,0.9883309139545543,0.9863858783915346,0.9868395761179828,0.9878822010642628,0.989890542501463,0.9900996985195687,0.989890542501463
46,2861700000,0.9854909007070647,0.9839239481691684,0.9826546579539431,0.9819227996623446,0.9796741666720286,0.9805989299328988,0.977638129643171,0.9796148269471606,0.9791828571443586,0.9807242413103182,0.9814301545035012,0.9820754279405483,0.9853674535539493,0.984063166973344,0.9853942820523216,0.9857011962624045,0.9886248643358633,0.9869165396938048,0.9886248643358633
47,2862800000,0.9828266640846265,0.9817895005377919,0.9803492935700291,0.9788797386911336,0.9782319460644392,0.9770294709877891,0.9752451049803222,0.9756239649051106,0.9766268844053336,0.9774442295151874,0.9795413564980311,0.9799131663702103,0.9831311600024087,0.9819561189538326,0.9827628986751917,0.9831290264000395,0.9858311390392857,0.9834525556443763,0.9858311390392857
48,2863900000,0.9796186941825076,0.9788940485184351,0.9777165900418497,0.9769462800385584,0.9771198980482292,0.9756570705089647,0.9763510957976111,0.9757175215878618,0.9758542709641113,0.9763036625644739,0.9762361252559777,0.9769822747759206,0.9814407282181803,0.9795156880556815,0.9803566041226562,0.9790404243529764,0.9839472673557381,0.9822658548856961,0.9839472673557381
49,2865000000,0.9788712890587377,0.9763484955505595,0.9771105908743399,0.9776265408749325,0.9782069111929612,0.9788199062525376,0.9803722811945764,0.97980331106742,0.9753881381979819,0.9760200173709032,0.9747222242213074,0.9757104279421379,0.9782395852278166,0.9772686394873712,0.9771765967047915,0.977349470994638,0.9804379599034492,0.9775638384775177,0.9804379599034492
50,2866100000,0.9761850171165257,0.9776735375670293,0.9795773264492416,0.9806286503808818,0.982459584605331,0.9833544197263732,0.984677833969666,0.983284377952354,0.9811889501110855,0.9781287477442121,0.9769096762084434,0.9768862791948609,0.9779777839187879,0.9749186005459672,0.975588685019396,0.9752617931428398,0.9761280268782078,0.9752464656501034,0.9761280268782078
51,2867200000,0.9795815552800095,0.9802221640113868,0.9840733890586731,0.9850579765239547,0.9848175878974349,0.9842861618051649,0.9826429390840244,0.9856489841599786,0.9844797613112023,0.9837254770306957,0.9810012320502244,0.9803707103372035,0.9805035650011912,0.976945636210694,0.9770648890487603,0.9761939659835668,0.9709468466320926,0.9706953624247476,0.9709468466320926
52,2868300000,0.9841511447379507,0.9848143481108085,0.9849085905337899,0.9852094468374222,0.9830431882541805,0.9822424774385485,0.9797534853106246,0.9809952984867573,0.9816953116099755,0.9824405671943635,0.9847858106385893,0.9838661716725302,0.9842105484758644,0.982197756537477,0.9801912603610796,0.9795870056258571,0.9683293237622891,0.9700562403197969,0.9683293237622891
53,2869400000,0.9850685918598383,0.9837339814927033,0.9826459551755512,0.9805127221986563,0.9787112333929429,0.9785619637731843,0.9752771719884094,0.9762994406820371,0.9774508640028537,0.9795175216333541,0.9808859405837196,0.9831004905598995,0.9857676808676376,0.9838548090825476,0.9837846619488584,0.9831568799955267,0.9672793904381218,0.9684267424685296,0.9672793904381218
54,2870500000,0.983207089186359,0.9804018034409199,0.9790421237868474,0.9779934993507898,0.9762246618899055,0.9765588581953825,0.976208978055466,0.9755479843204502,0.9775058868320117,0.9760080091554862,0.9767835753970359,0.9787952464478213,0.9822492088979703,0.9814079005060885,0.9823370713385283,0.9832629672192521,0.9722985876052581,0.9729048169689892,0.9722985876052581
55,2871600000,0.9793452404514212,0.9770079744220187,0.9776537703885139,0.9763296104409258,0.9776048580636354,0.9776680869733672,0.9786447408988711,0.9769969582796666,0.9767601605695093,0.974750785100155,0.9748468593020136,0.9757413854649613,0.9791780954586855,0.9767478638374034,0.9782951280498492,0.9784600872547287,0.9778579377549799,0.9785469035757163,0.9778579377549799
56,2872700000,0.9764115161767553,0.9764613424809149,0.97788633473419,0.9791831742102208,0.9793521090289817,0.9808148263000015,0.9801930970785983,0.97945532855286,0.9786059715527079,0.9782067868758545,0.9768162063960215,0.9745064523463085,0.9780206378901687,0.97544771038749,0.9742788209971681,0.9756531817078323,0.9810283572888273,0.9787059827313668,0.9810283572888273
57,2873800000,0.9780813052365054,0.9799427237173584,0.9810552301765463,0.981604420911154,0.9830656530956271,0.9818634022510745,0.9838948846775414,0.9833613143856517,0.9804008680724466,0.9803100771071546,0.9782024999509366,0.9776281790526464,0.9796920014187983,0.9759214483818263,0.9751439271046778,0.9754637470490042,0.9777259294703569,0.9729878887683041,0.9777259294703569
58,2874900000,0.9811457701359457,0.9818845824812272,0.9830516755137456,0.9842426165035842,0.984649503655894,0.9854139677654122,0.9863105753872259,0.9850599040621293,0.9830938210606145,0.9824963468043251,0.9815062459895716,0.9795882452853915,0.981971749137397,0.9776645649489234,0.978080209745642,0.9784353591243917,0.9732297805330914,0.9706805536898737,0.9732297805330914
59,2876000000,0.9844131936047269,0.9848736234345034,0.9848787452848073,0.9865358990820667,0.987224619850972,0.9869544079574644,0.9875900646130411,0.9867408568904692,0.9858528939789604,0.9850227579701372,0.9836955151569011,0.9822213013199522,0.9839791819756476,0.9801097928622579,0.9798426300299095,0.9802519233960778,0.9699953248829841,0.9690041118591703,0.9699953248829841
60,2877100000,0.9865120872083099,0.9860094365166826,0.9875345163814535,0.988992544652401,0.9893047694326005,0.989900324850675,0.9896668005738619,0.9888584002275208,0.9880544471993593,0.9865382073312027,0.9858532061809699,0.9844583569373105,0.9861402744120428,0.9829681389280572,0.9826960743475041,0.9822152517129065,0.971940704932204,0.9689879374171961,0.971940704932204
61,2878200000,0.9886118623968354,0.9885357483211813,0.9902779336438424,0.9903090145137167,0.9909722131795972,0.9909799335529739,0.9915920041946353,0.9905216166329687,0.9896424616691065,0.9885999331515538,0.9876056246087881,0.9884616567283641,0.9887372343484734,0.9859599339459583,0.9862880914006136,0.9858935803198818,0.9742210581155931,0.9731271077330846,0.9742210581155931
62,2879300000,0.9891358947800512,0.9898378051265151,0.989784046753039,0.9919492133358029,0.9921978779704385,0.9931141198037147,0.9922667637119942,0.9935965673714535,0.9913102467463781,0.9896777879075584,0.9897116508261348,0.9886108542774915,0.9901345986094408,0.9866833009783393,0.9878244643322112,0.9867664448132695,0.9784697795516965,0.9802766837114301,0.9784697795516965
63,2880400000,0.9896917263745918,0.9910089504878706,0.9931286485820546,0.9921098014018929,0.9936064395709843,0.9942796393567344,0.9942015757381636,0.9927818447774475,0.9934500521176486,0.9927636522404796,0.9917371761093208,0.9911091339566933,0.9918754578239808,0.9908996999820181,0.9899794790494779,0.9886223222906944,0.9796707600747777,0.9798898656558874,0.9796707600747777
64,2881500000,0.9929224215693017,0.9931533409428581,0.9938520937932438,0.9947735273705234,0.9944482065834546,0.9940672747890998,0.9940462314688159,0.9938015346385664,0.9953394760765917,0.9938222963998291,0.9923164426556564,0.9931757985358094,0.992870099405718,0.9915091311916484,0.9916163549222782,0.9902097843187323,0.9831475844181957,0.9839582757033406,0.9831475844181957
65,2882600000,0.9932179660952305,0.9954548700496406,0.9948012217175703,0.9951313009569707,0.9961537153589882,0.995202054776037,0.995703577032806,0.9961504160532895,0.9954781511173558,0.9943926112749247,0.9937764715433389,0.9947818004373907,0.9938886636878906,0.9927880871631426,0.990879891742379,0.9919539156369988,0.9859939332478928,0.9863913289185755,0.9859939332478928
66,2883700000,0.994723389959472,0.9952559934971938,0.9943338828500924,0.9961491970858493,0.9953935237005077,0.9958088364257449,0.9967862125257024,0.9971088006514579,0.9963449973261105,0.9957376006837008,0.9962219624915049,0.9953617293500684,0.9948976289186047,0.9941687523368938,0.9932839211547768,0.9950008693689738,0.9884048815552919,0.9881453715845638,0.9884048815552919
67,2884800000,0.9956193871867193,0.9965859587264464,0.9969283049826869,0.9966458797338207,0.9966661100373609,0.997225081977086,0.99783657407076,0.9972004564858828,0.9960818765064395,0.9969763756366287,0.9959109248925153,0.995740119573362,0.9958677209892507,0.9941664063080835,0.994193501878436,0.9945115183586416,0.9908831913292526,0.9903862598619765,0.9908831913292526
68,2885900000,0.9970856895528049,0.9969642866299909,0.9969720277492016,0.9970617411936397,0.9977135502822043,0.9981255651615797,0.9981805092909348,0.9970851245848071,0.9983150613699086,0.9964147738616199,0.9975827152238754,0.996810060399145,0.9961297953949565,0.9959958359885527,0.9956077854180465,0.9951866646162698,0.9921848438722192,0.9912187245893321,0.9921848438722192
69,2887000000,0.9958318068296619,0.9977146873456029,0.9984953683296758,0.9979799414173778,0.9975972720143881,0.9977643354490101,0.9988758777551475,0.999351876534813,0.9971114288980957,0.9978130247722268,0.9973927523842285,0.996858256811943,0.9969048509662299,0.9965199049650152,0.9962152101445151,0.9969267659903883,0.9939564776627371,0.9915773995909819,0.9939564776627371
70,2888100000,0.9976242762353685,0.997411433564685,0.9974800095397247,0.9980051339414013,0.9981365776847927,0.9977698338883427,0.9985944448916276,0.9977845661197758,0.9981683818400033,0.9978129555729613,0.9978874066120558,0.9967275615648268,0.9978342483589073,0.9978300060228441,0.9970586103527497,0.9969027539803803,0.9935777524546308,0.9927822115077083,0.9935777524546308
71,2889200000,0.9980571632466533,0.9979105104074135,0.9983836543697682,0.9982765685443886,0.9989489580185401,0.9980634290687798,0.99797854793804,0.9981914235715869,0.9988140013728701,0.998222852862378,0.9980351317375883,0.9979422744136018,0.998093841990135,0.9971590600224864,0.9982454160442479,0.996795623054937,0.9953864341593347,0.9952259307069906,0.9953864341593347
72,2890300000,0.9990241626506748,0.9988839959604867,0.9985450365673677,0.997833064127276,0.999614076832015,0.9982195337515236,0.9984999945531537,0.9988638708817164,0.9992801508146549,0.9982053849963449,0.9985295472241531,0.9979358721862122,0.998207634034988,0.9988695606220449,0.998471723990712,0.9977414329826333,0.9974579370507651,0.9960792434251111,0.9974579370507651
73,2891400000,0.9976909629054155,0.9987103870653359,0.9979962766085485,0.9991576467078019,0.999101621369407,0.9985989991265803,0.998264620875915,0.9977779691445396,0.9995972345843482,0.9998425374640716,0.9974209641918785,0.9976609128017168,0.9992000813313686,0.9981319710431977,0.9984445704573012,0.9982628241394385,0.9964912642506792,0.9948861831039374,0.9964912642506792
74,2892500000,0.9987262937644373,0.9979477849654262,0.9984994499941655,0.9989709351385123,0.99969236602469,0.9981777218426504,0.999586224311631,0.9994593081454126,0.9993151290597992,0.998743003903487,0.9976725319778993,0.998156364475897,0.9977084533617415,0.9983882515750446,0.9979485659531638,0.9981295078697585,0.9983235325659374,0.9977995958865582,0.9983235325659374
75,2893600000,0.9985239558159673,0.9991116919541534,0.9988642924582068,0.9988156876774362,0.9989917612218565,0.9986677224594407,0.9988861346675092,0.998247525458569,0.9992633981375345,0.9993048505943748,0.9989768468996154,0.9982143765071195,0.9987376860701391,0.9982265315467368,0.9990818822513156,0.9992058894980017,0.9974739976455197,0.99702088331188,0.9974739976455197
76,2894700000,0.9993664120365178,0.9992791987448535,0.9995269740400319,0.9995058248545462,1.000021625856743,1.0002554037899334,0.9983925425056467,0.9986987929447546,0.9984567033124973,0.9993383989589492,0.9979404312973548,0.9993536314808614,0.997966607595986,0.9987410000051555,0.999110856525898,0.99880334047757,0.9980378604771624,0.9976881294352996,0.9980378604771624
77,2895800000,0.9992187973143195,0.9985033390280093,1.0000608607078636,0.9995710221191259,0.9988548937720622,0.999848870372467,0.9990290849070488,0.9988556180042025,0.9988686049249085,0.9987296865481111,0.9991586503047971,0.9989131012063073,0.998781851826226,0.9991163713284485,0.9984483570099971,0.9983758535259895,0.9989272690021259,0.9984154862475181,0.9989272690021259
78,2896900000,0.9981826790791878,0.999103003243262,0.9988102824011456,1.0000182213645896,0.9997343277641065,0.9983269507982346,1.00089363890935,0.9988909931654529,0.9995198221127523,0.9994312062828876,0.9981312968542294,0.9985780446042294,0.9992109383638584,0.9990032429423265,1.0003096359881027,0.9990739154075013,0.9972038285726809,0.9976957890599966,0.9972038285726809
79,2898000000,0.998755925620164,1.000372908090831,0.9995947170276063,0.9987270056597303,0.9999040349745822,0.9990006360264219,0.9998093630945111,0.9999026395111723,0.9994610025385864,0.9991834075808937,0.99912352691811,0.9984097895242305,0.9993591545514608,0.9994700453203532,0.9982161218256831,0.9993292747367873,0.9978678602224149,0.9994772791702307,0.9978678602224149
80,2899100000,0.9995151035915154,1.0002423527499151,0.9994247058127324,0.9994223690745,1.0002901698712579,0.9998314350461359,0.9991473058765179,1.000023902140989,0.9990723643290652,0.9998638039511573,0.999532100770947,0.9994421237527835,0.999586910640283,0.9993647989170376,0.9997021248107871,0.9997014343116399,0.9987706779786357,0.999125059960799,0.9987706779786357
81,2900200000,1.0001193968814224,0.9989646863141802,1.0011257104023696,0.9999824558651034,1.0002862610835999,0.9993437927122465,0.9993611562685539,0.9987672208863024,0.9998851476923889,0.9997474971027989,0.9994511528789483,1.0000323750276932,1.0003884264456155,0.998916232160649,0.9994271461053769,0.9996678129829235,0.9985103295744102,1.0000167693469755,0.9985103295744102
82,2901300000,0.999457174704713,1.0001446593360106,0.9993324664373027,0.9993574892812577,1.0000726372444328,1.000264144626702,0.9988703145652761,1.0002619824824068,0.999937716690109,0.9994274533903884,0.9999552527718073,1.0003066619494123,0.9986977261145319,0.9985920014403009,1.0001397113199277,0.9997911982290253,0.997788579504745,1.0003004783146474,0.997788579504745
83,2902400000,0.9996728590871321,0.9995802451139675,0.9996305447419764,0.9998802077606044,0.9998120002503107,0.9995134781658415,0.999691711158868,0.9993869559372721,0.9988080034923583,0.9995299705035696,0.9996918821295705,1.000802063833072,0.9984992181461703,0.9998926110593866,0.9992521035258197,0.9994118355611857,1.000439632296788,1.0007958944584525,1.000439632296788
84,2903500000,0.9987334726168097,0.9998274926566484,0.9991849271061061,0.9996570024488997,1.0000207472306069,0.99931006033696,0.9989327353719331,1.0000916020412125,0.9992661532491816,1.0001623301076614,0.999245506627076,0.9994688808134462,1.0010296406568395,1.0005670049349478,1.0000696452486468,0.9997840242626254,0.9994441408336001,0.9991593861242309,0.9994441408336001
85,2904600000,0.9994053228974835,1.0008604040403901,1.00030333279483,0.9999745135369539,0.9995548586687977,1.0005311267901102,0.9997501233967953,0.9990469428674098,0.9999855701663046,0.9991019990948582,1.0005929679757752,0.9997989393326363,0.9993008749890382,1.0000193941400681,0.9984615542882437,0.9997373781318503,1.0006211309620272,0.9992926278330055,1.0006211309620272
86,2905700000,0.9995159774076938,1.0006520374517809,0.999420716789917,0.9987303293273799,0.9999041452474533,1.0003153344707654,0.9997302464230635,0.9997992454875838,1.000421866849261,0.999442650189186,1.0000879556302513,1.0002416186272647,0.9999869963878505,0.9984184722303805,0.9991367617172687,0.9988241604742064,0.9993259673463988,1.0008509439497193,0.9993259673463988
87,2906800000,1.0001527871508973,0.9996281901420642,0.9998156459393007,0.999601471478573,1.00043155706209,1.0008678449615172,1.0005335145765024,0.9995665171338202,0.9995796188281362,1.0008864326837998,0.9992044007644024,0.9988555016270547,0.9995843725052553,1.0004748374809607,1.0006365660545802,0.9988711348831798,0.999141198416543,0.9988924676589193,0.999141198416543
88,2907900000,0.9990882223457085,0.9995543898081208,1.0001364638630532,1.0003760923911607,1.0001644920882036,0.999732705065776,1.0005867762294622,1.0004210622906724,0.9994977469135082,0.9990350602958368,0.999909275558165,0.9998997516635169,0.9994360313474334,0.9994843690358444,0.9999716827195712,0.9992335449971947,0.9992370572623852,0.9983414093032236,0.9992370572623852
89,2909000000,1.0001309148250588,0.9989015690813681,0.9989619033292907,0.9996821944138732,0.9998532485025284,0.9995145025174358,1.000256529922772,0.9992454166454837,1.0005567918068874,0.9994118863098476,1.0005585262900993,0.9989043150795184,1.0008086223865957,1.0004762002157837,0.999426797063981,1.0006105731806767,1.0002585199954903,1.0004236835867115,1.0002585199954903
90,2910100000,1.0002436481956016,0.9993746292694311,0.9990195405308786,0.9993373112852378,0.999462865998884,1.0004221891206662,0.9992051807661296,0.999276730415362,0.9996290086554849,0.9995759691526689,0.9996056486896218,0.9993886498645416,0.9999673444538902,0.999950657599178,0.9991718448866944,1.0004189868178894,1.000308622958422,0.9991028410667214,1.000308622958422
91,2911200000,0.9984760737479528,0.9991106130466847,0.9987881530348107,0.9994382018984943,1.0005091425007049,0.9998324237686594,0.9997396144268598,1.0005462122963715,1.0003925580591697,0.9998042601614037,1.000272508713543,0.9993914771722953,0.9990628700590716,0.9994665265770457,1.0003212407670405,0.9997979606216372,1.0007069605253323,0.999230033236143,1.0007069605253323
92,2912300000,1.0003364346910806,0.9995106649689971,1.0009221078289712,0.998850374363162,1.0007535497961955,1.0013718820773738,0.999868227102953,1.0003111587391025,0.9998747498235363,1.0003120347649808,1.0003425632814753,1.0016295271095625,1.0005669913537514,1.0001682447064344,0.9997340220167176,1.0002060751735782,1.0001314905965843,0.9997185002782504,1.0001314905965843
93,2913400000,1.0012512501697846,0.9996803208933648,1.0000826249549561,0.9995483042880834,0.9994373396635411,0.9995014312886273,0.9999923340934256,1.0002329018824558,0.9988875399840201,1.0003420805899712,0.9994363802058013,0.9997106393912181,1.0006911266945504,0.9989469147618764,0.9998619312377932,1.0001018513229252,0.9994472941733257,0.9994010784511652,0.9994472941733257
94,2914500000,1.001625977423923,1.0005560975003587,1.0001582792118182,0.9996181953572933,1.000535382959551,0.9989450935421094,1.0003852550201031,0.9994963820671043,0.9990714301002855,0.9999620143542335,0.9989516193651152,1.0007845796216328,0.9997297693422806,0.9996063054585953,0.9994832911018263,0.9997730104729136,1.0005772783047213,1.0009476649405324,1.0005772783047213
95,2915600000,0.9998338369916576,1.0004069418243169,0.9999007963214439,0.99984344758528,1.0001217049624505,1.0001758293557037,1.0001447199611133,0.9991337120611758,0.9998674041649298,1.0004223293890926,0.9996748112571747,0.9988966367142206,1.0004638478915313,1.000351813468348,0.9997083058889503,0.999025907941924,0.9996327526587574,0.9989760000860921,0.9996327526587574
96,2916700000,1.0001297201738304,1.0001805285127061,1.000400654990298,0.9984563060092098,0.999859461947498,0.9996304003058056,0.9996683265481296,1.000696417050064,0.9996291892285437,0.9998677702871122,1.0001862258493457,1.000121409476902,1.0003558548590032,1.0004981874686314,0.9997546906274698,0.9996787205977702,1.0004210055176745,0.9986666023710764,1.0004210055176745
97,2917800000,0.999195578914331,0.9996734701597368,1.000390908896856,1.0009779983914293,1.0001085942691057,1.0002812771833687,1.000381385218234,1.000764360364841,0.9999234531746483,0.9996883897928508,0.9996406662505848,0.9999873904638408,0.9994751651971097,1.000176409370841,0.9999953440513532,1.0003434963315183,1.00067601501314,0.9994191045144214,1.00067601501314
98,2918900000,1.0000285536670788,1.0010525818551281,0.9993097334094588,0.999828888565999,0.9996773761850398,1.0000464828936706,0.9995495855249174,0.9985562867862604,1.000361047888166,0.9997513306210178,0.9999565761760354,1.0004188760975194,1.0002737007787963,1.0014316873270694,1.0001434457726581,1.0006018514130066,0.9990802977486142,0.9990915393071429,0.9990802977486142
99,2920000000,1.0002565550986415,1.0003831215013388,1.000179193787497,1.0002349643756752,1.0004317057914673,0.9995313367020169,1.000234018259212,0.9994349507548985,1.000053539350352,0.9998608083718117,1.0000688802507458,0.9992442581601627,1.0005213559840886,1.0009980377585728,0.9994964679408666,1.0002972719027377,1.0006512768989415,1.0002774885214232,1.0006512768989415
