,frequency,-30,15,25,30,40,70,40,25,10,-30
0,2810275000,0.9992664965453251,0.998266596870834,0.9992999989982896,0.998360150231466,0.9986021189661582,0.9991644195564392,0.9996520086278955,0.9990807349291709,1.0008183850525219,0.9990263711584007
1,2810550000,0.999701960382882,0.9988769060225468,0.9985739337929878,0.9983330546825282,0.9992907392582265,1.0000447216430202,0.9990009294821517,0.9996623636109754,0.9995876217775261,0.9970240748287935
2,2810825000,0.9986279046894453,0.9985225233045923,0.9990557493334292,0.9987645521396444,0.9995791724970589,0.9998221867908542,0.999492147663463,0.9984138493607546,0.999934458655407,1.0000167220424714
3,2811100000,0.9990439677022589,0.9989329153356276,0.998511195097455,0.9992349360605188,0.9976053809653683,0.9983418509444513,0.9984628036726251,0.9988308188510495,1.00039744971643,0.9984788853560683
4,2811375000,0.998642507218621,0.9986656336800256,0.9983659263475676,0.9982537265153079,0.9993064637533836,1.0000811722026588,0.9978903155109313,1.0002023639099884,0.997102511994331,0.9994637525528536
5,2811650000,0.998790600067576,0.9989834558836947,0.9985308387104989,0.9989441961711363,0.9990476857273554,0.9985797215095533,0.9974625394071148,0.9991089660814063,0.9988637488118768,1.000176636699607
6,2811925000,0.9993298388791376,0.9990503197296603,0.9985324869266173,0.9990033458102273,0.9985288560432412,0.9997409551921078,0.9982832540531147,0.9990177493303416,0.9994603646483509,0.9987192717919904
7,2812200000,0.9988033427365255,0.9986592080346167,0.9981635371616197,0.999756863805243,0.9985069765531914,0.998655111940285,0.9983224007339869,0.999410489046682,0.9988090607146791,0.998209851727869
8,2812475000,0.9992748905515954,0.9995868427290036,0.9989852818361936,0.9994023091459967,0.9993547667956415,0.9992771494353045,0.9995530933666159,0.9990551162580209,0.9984041806654412,0.9985427469817211
9,2812750000,0.9995405985514353,0.9992056550952519,0.9975917405724818,0.9996765063487699,0.9989287899419941,0.9985472936991695,0.9986466302939456,0.9990727632010902,0.9979801659338067,0.9996428097327635
10,2813025000,0.9990457239156432,0.9983003090623913,0.9994767868733796,0.9988867020264316,0.9983725960360639,0.9997594161743097,0.9981114924375214,0.9992338428230185,0.9970984243429367,0.9983645305752418
11,2813300000,0.9991079606198997,0.9989971453756111,0.9994569080664069,0.9992451238636216,0.9999708305734609,1.0005645015472922,0.9985393699138787,0.9991934095463363,0.999881970208882,0.9990087486300192
12,2813575000,0.9994974665842677,0.9980153092067264,0.9989331204173173,0.998777819512396,0.9985761944976588,0.9990259596733978,1.0002647636084345,0.9986304268718665,0.9987598838055323,0.9979777346252579
13,2813850000,0.9986718804751,0.9980136520243151,0.9991366029237908,0.9984343071329973,0.9996898689688404,1.000432888558357,0.9994422594471702,0.9992103093527679,0.9999464003683409,0.9992117826506004
14,2814125000,0.9988594136248536,0.9983309337658675,0.9987015264869133,0.9993112835687785,0.9985692860920751,0.9999319558775095,0.9996595553355383,0.9991564906706347,0.9987027820772776,0.9994815039885687
15,2814400000,0.9984101207330676,0.999263353838279,0.997918119560967,0.999188400007037,0.998846885457923,1.0004277390652059,0.999120997147434,1.000173033051512,0.9978280707339119,1.00103768196306
16,2814675000,0.997759222407433,0.9992152883810749,0.9987553737282411,0.9985652788683512,0.9986177711735831,0.9995089229568964,0.9990477341365166,0.9988844387332538,0.9996512460579694,0.9969405930003811
17,2814950000,0.9988519194141506,0.9984428176911626,0.9990210600276798,0.9989694366091834,0.9988281027853712,1.0004189456803527,0.9986552943343967,0.9996061443901193,0.9994268684087402,0.9984621751864566
18,2815225000,0.9988608253842127,0.9987964337955029,0.9992652613357659,0.9993533442034308,0.9995234785040195,1.0016881480329114,1.0003929644579264,0.9989124145244972,0.9981216655940898,0.9969999209028935
19,2815500000,0.9989218395957338,0.9995769595768088,0.9995421785919679,0.9991425858640103,0.9991033549507107,0.9997554887020877,0.9991344372085147,0.9991316444974572,0.9996012178361091,0.9991002226275695
20,2815775000,0.9984445378822865,0.9992509823781746,0.9998350632450028,0.9987671150702088,0.9991686417188766,0.9983226877776858,0.9997775318457544,0.9996543399264374,0.9992048838326484,0.9982925068144597
21,2816050000,0.9990784883679001,0.9991059849349709,0.9993432731907395,0.9993293135833745,0.9984601452556734,0.9997201524985094,0.9992790022592035,0.999405663375097,0.9987309253193881,0.9984060999899015
22,2816325000,0.9988315676618893,0.9987788619085646,0.9990144224190645,0.9997553581058166,0.9986413363094068,1.0002844270201539,0.9998186390856445,0.9998581826784616,0.9973755404814326,0.9977824776512147
23,2816600000,0.9986172696006952,0.9997570403350201,0.9991116014593858,0.9995414043328984,0.9988604964514778,1.000361049571128,1.0009271079302047,0.9999218805316603,1.0003290172775592,0.9997770861315578
24,2816875000,0.9993627397516489,0.9984842636309242,0.9989697830981982,0.9988166021849261,0.9996702557961157,0.9997592154817501,0.9984952261805206,0.99993890805532,0.9991983767970248,1.0005928999613394
25,2817150000,0.9984555209187007,0.9995525272569818,0.9995487812087576,0.9985824946930617,0.9992709196066217,1.0004806690808103,1.0004579763054802,0.9993370875474007,0.997937710448352,0.9984284570254625
26,2817425000,0.9988554912622263,0.9991678862927925,1.0003551590938808,0.9995039139323632,0.9998253770432944,0.9995915423313225,0.9987981235572048,1.0002205124301389,0.9983277572131739,0.9988563891037409
27,2817700000,0.9980283447807876,0.9989723306246492,0.9997582276158937,0.9993129804696914,0.9996127161903817,0.9987963544957448,0.9982009778113543,1.0002955665183861,0.9990097462158746,0.998915501708486
28,2817975000,0.9988492949166452,0.9995584006631394,0.9995068619811954,0.9989515990584675,0.9997080571847092,1.00023949688927,1.0006859049529078,0.9995162100437048,0.999636980811972,0.998078693132274
29,2818250000,0.999565646776063,0.9993927713752744,0.9996552964503445,0.9993707838730854,0.9999685328199354,1.0000156117296628,1.000355913298887,0.9997084245197437,0.9993738279237949,0.9986244963042589
30,2818525000,0.9981032256517645,0.9994672511959424,1.0004968888225758,0.99976671771258,1.0003378558180562,1.000748922085452,0.9984329286372814,0.9998579046338554,0.9981170204398717,0.9980072349630531
31,2818800000,0.9983018141769648,0.9998237319776956,1.0002042719532909,0.9994628578327186,0.9990474037987667,1.0001214190595302,0.9991335223851182,1.0003413785983009,1.0004562538470514,1.0006034388940854
32,2819075000,0.999517070450517,0.9999249494414784,0.9986827897163062,0.9995572451624425,0.9999674525242958,0.999586690578416,0.9998132848734232,1.0002766405199386,0.9989408307100284,0.9984542618779404
33,2819350000,0.9991834288411684,0.9993594954656654,1.0004664802607453,1.0000777027685102,0.9988058991136649,0.9997078481547518,0.9999464447459719,0.9996095357011257,0.9997285092370294,1.0005450178352984
34,2819625000,0.9982862496983382,0.9989273938531962,0.9989226754073333,0.9994471471683358,0.9996930455097465,0.9997267898697839,1.0006316621244895,1.0005139035451942,0.9998413508179297,0.9987705483564921
35,2819900000,0.9985524234315517,0.9995951114807068,0.9996663765553103,0.9992939167675652,0.9996018498279952,0.9996033936034391,0.9999531374296023,0.9999853757564336,0.9992534211450999,0.999769280621266
36,2820175000,0.9988478121511118,0.9995860972505879,0.9998854847630031,0.9994926439942179,0.9992340195379437,1.0002494425425223,0.9989379879983158,0.9995822309484269,0.9983691892103165,1.000382859856813
37,2820450000,0.9986896667430805,0.999949808751082,1.0001370139910708,1.0003560985384838,0.9994234564031216,1.0001764470543955,1.0005010643947603,0.9999630418273217,0.9995541508900189,0.9993941836562682
38,2820725000,0.9995936707272159,0.9995761705489477,0.9997340129090726,0.9994599154364998,0.9999310427776752,0.9989683314297898,0.9996737889024596,0.9995149148902788,1.0004764638931396,0.9989452714758732
39,2821000000,0.9985265850477489,0.9997416753038223,0.9996813896386343,0.9998998489752421,1.0001872651029713,0.9997075724577809,1.0005240540591211,1.0004265116798439,0.9992841781510793,0.9995278381763317
40,2821275000,0.9991353444835954,0.9999991981203498,0.9998478032383686,1.000882102261896,1.0001791305603571,0.9999545565784209,1.001035918272455,1.000529250065897,0.9992779877471882,0.9995946021718145
41,2821550000,0.9995443699983454,0.9998812575056415,1.0001680594646016,0.9998916168487878,1.0000165966830397,0.9987018421230969,0.9983039426251992,1.0004425361277531,0.9992589398475331,1.0000369268274423
42,2821825000,0.9997694606831915,0.9998586539340073,0.9999539006959508,0.9992691525110619,0.9996854795347178,1.0004872930554092,0.9983944885186831,1.0001674614961444,0.9995266748920256,0.9979838126858676
43,2822100000,0.9995855679523324,0.9999722787653201,0.9998598360743951,0.9995778297623166,0.9997953290655844,1.0003435126594775,0.9990791181809039,0.9997276184782072,1.0002555227122056,0.9983459418941317
44,2822375000,0.9996746567888759,1.0002634972034399,0.9998438427016433,0.9987693011127221,0.9995922038213035,0.9996738284186357,1.0001919551971856,0.9991081928472668,0.9988985297622023,0.9978129525558289
45,2822650000,0.9984858886009756,1.000449749684268,0.9994768066974496,0.9999769524825938,1.0000703806088556,0.9994667986944951,0.9993141365941481,1.0007879969271882,1.0003483100387611,0.9993923519970818
46,2822925000,1.0000979575647486,1.000816877861787,1.0000664783335977,1.0004112756434496,1.0004553646120755,0.9990013543760751,0.9983610488309724,0.9996146350960899,0.9989285173220115,0.999051674824982
47,2823200000,0.9997827873270339,0.9999630589631024,0.9997913522099792,0.9997934238447022,0.9996145595173404,0.9993256122985272,0.998536523568248,1.000245504756939,1.0003046408920524,0.9998421516589959
48,2823475000,0.9987975391327214,0.9992699014577018,0.9990162429407846,1.0005948351196272,1.0002382975926427,0.9996187599557587,1.0000708577710609,1.0004248771542488,0.9994684210129741,1.0004735240514706
49,2823750000,0.9998726318915029,0.999334236126387,0.9998267481761428,1.0002055455604029,0.9994621464433864,1.0001471212336588,0.9987689194324805,1.0005105820417302,0.9977269265238657,0.9996929517794282
50,2824025000,1.0002819157062945,0.9998962418404952,0.998993306551288,0.9995953087170137,0.9998793188560514,1.0003411677679808,1.000138042315187,0.9995816906610914,1.0000122102772995,0.9993095079837984
51,2824300000,0.9991633200598048,0.9992399615860198,0.9995289414138665,0.9991756980007765,0.99977505901388,0.9988486124354451,0.9986425031632405,1.0009066087275074,1.000604094696755,1.0005829678803315
52,2824575000,0.9998996767348562,1.0002597732496106,1.0010032383711223,1.0010620701334754,0.9996709823353397,0.9992598219486577,0.9992065605194029,0.9995805665547381,1.000942392728616,0.9991502577554383
53,2824850000,1.0000862392044123,1.0000922175327371,1.0005001991034401,1.0001588722861363,0.99957407855097,0.9996035714922639,1.0000857647607608,1.0000306619225312,1.0005770644675023,0.9999046107095388
54,2825125000,0.9998351780984532,0.9996761863694794,1.00038159163795,0.999462251483362,1.0004402728864632,0.9999048013381271,1.0008130880311705,1.000216342820826,1.0002676059215352,0.9993847613325892
55,2825400000,0.9994182842854817,1.000104272116592,0.9998437799693616,0.9999881654688629,0.9990099309975841,0.9995613772608751,1.0008604042556966,0.9999398943718549,0.9999162436588185,1.0006568890656018
56,2825675000,1.0004745884518715,0.9998118915116672,0.9992110868402148,0.9998615795458394,0.9999207313275247,0.9988704473046328,1.0002106233703154,1.0000937003890973,1.000247038297955,1.0002520160016353
57,2825950000,0.9997770536686965,1.000183962882827,1.0002048442079217,0.9990799602496834,0.9994400255219648,0.9997062494440841,0.9995958179447972,0.9997219565882466,0.9979740631722173,0.9994507576877666
58,2826225000,0.9992319676631531,1.0001921682238135,0.9993384011939322,0.9994426031602154,0.9987594207789833,0.9996144134871154,1.000322773414271,1.0003966989808253,1.0006838310157369,1.0020037330761096
59,2826500000,0.9984460774020556,0.9998519353085171,0.9997486637228258,1.0000270190356881,0.999604710958997,1.0005538460434127,0.9985882712224038,0.9987306476837143,1.0015980199819208,1.0002903534389485
60,2826775000,1.0003875254739922,1.0001053375314874,1.0004502916991636,1.0003159570609705,1.00027815985148,0.9996796271486547,0.9997232296860046,1.0000848939442575,1.0000568985160219,0.9988554608811739
61,2827050000,1.0001619433004416,1.0005643447834833,1.0001378704746968,0.9996482295915885,0.9991752975183344,0.9985131101463516,0.999658819546495,1.0000291220377868,1.0004136149019085,1.000299712930449
62,2827325000,0.9989603412359793,0.9993022930445441,0.9997001071277724,0.9987183284088674,1.0007102873657168,0.9998502314880686,0.9999761032033319,1.0002751751681034,0.998940581734356,0.9976585226899142
63,2827600000,0.9993799048276726,1.0002721323666732,1.0005351551827,1.0000382019534004,0.9998315172781366,0.9993962513701895,1.0003718443269245,0.9998417291980525,1.0001189541696371,1.0002828536591175
64,2827875000,1.0002097469075786,0.9999251536080233,0.9995483662027476,1.000006684604263,0.9992187246241528,0.9993792722159623,1.0005035043176158,1.000505653443712,0.9983044967402004,0.9990501779924956
65,2828150000,0.9994950563325614,0.9997384449557021,1.0003191850214184,1.000473393115908,1.0000161594576147,0.9993438604635908,1.0002389639283635,0.9994614886379962,0.9988018969889119,1.0000768083490577
66,2828425000,1.0009905223310362,0.999497383499255,0.9997540209136854,0.9989659885440993,0.9995597812770174,1.0006371693757292,1.0000304065548105,0.9992081268384166,0.9988772579357008,0.9987732959911838
67,2828700000,0.9996159148570614,1.0000813164493645,0.9998647643475789,0.9992990227392182,0.9994870243960631,0.9993903761122254,1.0006697755099017,0.9994850113835302,0.99935104799866,0.9998477891551877
68,2828975000,0.9991020847891572,1.0001524488421152,0.999065375092283,0.9992611504479056,1.0003582443520687,1.000697231445904,0.9998277667214622,0.9998392122570209,1.0009953833534548,1.000051490347783
69,2829250000,0.9991054352218904,1.000026997487528,0.9998974376078986,0.9991570617674376,0.9991867699176002,0.9992737482604699,0.9982205925173638,0.9999803320476057,1.000531298129507,0.9996083898472593
70,2829525000,0.9995512572241553,0.9990534429346151,0.9999941058497904,0.9998198978820579,0.999406673259136,0.9996693286874494,1.0002611708082787,1.0002873466350735,0.9992889699168792,1.0007711693926407
71,2829800000,0.9996247897058902,0.9993321397980075,0.9992387076775536,0.9996043081919025,0.9995867456419862,1.0003760726694853,0.9999430500200758,1.0000795997192733,0.9986055057802506,1.0000854879982917
72,2830075000,0.9996990884306407,0.9990385251802932,0.9995930157877724,1.0002981341417732,0.999628079632811,0.9993724402223909,1.000009451741963,0.9989201723380573,0.9993159260501446,0.9995969030058959
73,2830350000,0.9999633964170715,0.9995130693086299,0.9996470895018079,0.998715101027942,0.9989344224334722,1.0003254182735264,0.999656608086073,0.9995694286586421,0.9988713485387197,0.9994325537475983
74,2830625000,0.9996183078941553,0.9985827037729877,0.9997593167019033,0.9993831381857428,0.9993325112210719,1.000059059447462,0.9995683797071118,1.0000886368164545,0.9995864855270874,0.9982162017943195
75,2830900000,0.9990821609406545,1.000303757347378,0.999464779417777,0.9983403460804255,1.0002545551231434,0.9990458666778732,1.001437316544906,1.0001965751688486,0.9985229146342146,0.9994054046454435
76,2831175000,0.999396244556915,0.999375222407142,0.9988507490614734,0.9994971875897385,0.9999946949787483,0.9990370070600022,0.9994610138330946,0.9999227783656601,1.000573783258146,0.9993872101364729
77,2831450000,0.9991915182271868,0.9998221959323081,0.9997877884332764,0.998828547236008,0.9991718334997145,0.9989377591916365,1.0009012502260701,0.999159741341388,1.000507440655682,1.00053422387101
78,2831725000,1.0000118156278992,0.9997090506274182,0.9999029000825326,0.998792202272948,1.0000927806447213,0.9993504059398334,0.9992980351867217,0.998980262566272,1.0011177063402388,1.001315929379837
79,2832000000,0.9998607648903157,0.9999107114932907,0.99958680806551,1.0001863538014346,1.0007460136840591,1.0003158446374996,0.999807536523305,0.9986153245743401,0.9990301512507497,1.0003693159039602
80,2832275000,0.9997181010872037,0.9990286103572729,0.999285721363773,0.9999645661704102,0.9988497185870802,0.9990146001268153,1.0012081978874454,1.0004848354683824,1.001212779061759,1.0006726394256433
81,2832550000,0.9995476720588787,1.0000498045227701,0.9997760852520818,1.000136216186238,1.0001919551351437,1.0001002992895585,1.0003657381645035,1.0001507009633974,1.0016929752888588,1.0001808918876987
82,2832825000,0.9999249934980017,0.9993676765047786,1.000103949981568,0.9996654840426377,0.9997987861560353,0.9995601072395864,0.9988539146916341,1.0001557097976368,0.9988882849855225,0.9998701331519906
83,2833100000,0.9999496121663559,1.0003603783532111,0.9986103081869553,0.9992578634630312,0.9995281681238819,0.9999212760330803,0.9993550567875741,0.9998493467591361,1.0007267629058,0.9997107980006354
84,2833375000,0.9996475770513845,0.9998684234004045,0.9994673698046457,0.9989926637175945,0.9985209203311597,1.0009094904144291,1.0002797884226062,0.999757955130248,1.0008443730033307,1.0013820347824471
85,2833650000,1.0005671497304203,0.9998144668677327,1.0004108989071392,0.9987748081969543,0.9995856859665792,0.9992586888700631,1.0001556108137857,0.9995540913669284,0.9999898444385975,0.9990292023829751
86,2833925000,0.9993876181868282,0.9998587945958536,0.9993385271500215,0.9992628531049311,0.9988043816908438,1.0008514475659593,0.9989183039413907,0.9996871272554902,0.9999243183149087,1.0008227089652195
87,2834200000,1.0004252194994523,0.9997086122375487,0.9994187789977158,1.0006539832573527,1.0001409785784652,1.0001664851834349,0.9996065355375633,1.0001682947385533,0.9996438409037071,1.000923342131257
88,2834475000,0.9999339289045861,0.9991966645110588,1.000130530355103,0.9995917352965675,0.9996417489997749,0.9989518915316935,0.9999936354296298,1.0001832329665958,0.9985748028342056,1.0002099934782522
89,2834750000,1.000121870916575,0.9993568581523091,0.9989602726439761,0.9992694852445625,0.9988132345939914,1.0005097855797294,0.9991789569560132,0.9997090542603226,0.9983172023706688,1.000196884799388
90,2835025000,0.9992699248260591,0.9991648052237386,0.9990601959722913,1.0001143538906476,0.9998614814993445,1.0006006389105808,0.9985125783149711,0.999854563841585,0.9997147420213961,0.9992545423029899
91,2835300000,0.9985492646750025,0.9991126532233976,0.9994888582389838,1.0004533979611323,0.9990770547268928,0.9993502875052648,1.0001195242123286,0.9994836252889552,0.998074862098863,1.0006850834384031
92,2835575000,1.000384730407815,0.998789288571891,1.0001436927944254,0.9998030329007003,0.9984488697403533,0.9981164232534614,0.9994972051078292,0.9995446092890883,0.9992646639222944,0.9979421005735526
93,2835850000,1.0006645046191103,0.9993371883240796,0.9992873385527322,0.9997048964190371,0.9987235578427193,0.9989435030650358,1.0009547224022068,0.9993406216363127,0.9992213814391914,0.9992696171857467
94,2836125000,0.9993155622070303,0.9995001065366672,1.0003131469956765,0.999529521963102,0.9992722933172282,0.998425154491388,0.9982414691497099,1.0001266476974264,0.9996430465770363,0.9995281683353385
95,2836400000,0.9987284944143666,1.0000206416287518,0.9992353144447864,1.000319153350809,0.9994175681001011,0.9991631465634201,0.9989578433823247,0.9992285574299993,0.9980135284264545,0.9996019903207379
96,2836675000,0.999343719082204,0.9988686450117846,1.00004607336051,0.9996587672967895,0.9996849423246063,0.999141447534272,0.998620546858721,1.000092006326475,0.9996400080405261,1.0006514125769812
97,2836950000,0.9995262533430791,0.9996103156316737,0.9996861320001054,1.0001095854728108,0.9991054019550248,0.9993990155953648,0.9989854201212496,0.9991694817691354,0.9990740763409225,1.0000633604578453
98,2837225000,1.000065840016102,0.9995259051959278,0.9994726961113513,0.9998338393106208,0.9994144261319968,0.9996868823131223,0.9987177283457955,1.0002699450329338,1.0004619446437855,0.999660702759102
99,2837500000,0.9994092074343395,0.9988545513096342,0.9992441102205288,0.9993679220414332,0.9992716657807665,1.000063755653078,0.9991691241555432,0.9992803553814096,1.0009064079957148,1.000037689565119
100,2837775000,0.9998383812798474,0.9993857291960608,0.9981326547551648,1.0001906851783258,0.9990785078180288,0.9987690101015759,1.000249743142428,1.0000805672327264,0.9989799993755282,0.9996992946614363
101,2838050000,0.9995305770798649,0.9990208709280687,0.9990570536848211,0.9990660508879416,0.998867331400016,0.9994180613568104,0.9984615715414391,0.99923044764744,1.0004821357263751,1.0007498900181673
102,2838325000,0.9999845667935752,0.9991439059981001,0.9989745013485206,0.9990333282961147,0.9991408018770247,0.9980602999311219,0.998970695552731,0.9998549389938033,1.0002904135322261,1.0005559066316594
103,2838600000,1.0001715982279524,0.9999581545323715,0.9988142906279576,0.9984031339803461,1.0004933373812286,0.9988773556101939,0.9984432950626674,0.9995629775177443,1.00051463737386,0.9996491020610516
104,2838875000,0.9990351742506023,0.9996229826141553,0.9997399356505698,1.0000247667441622,0.9987775260562678,0.9993892681735742,0.9977899188185072,0.9990455241695574,0.9991872386804191,1.0003090662110612
105,2839150000,0.9996725528025088,0.9992988030595495,1.0001130848062023,0.9992460374483721,0.9997887262420133,0.9981728362583618,1.001155362442645,0.9996230334334055,1.0007300242629582,0.9987575124662713
106,2839425000,1.0006798552284208,0.998642814804599,0.9979970561372161,0.999184963942253,0.9991647163788947,0.9980037044200443,0.9993125834917228,1.0000413455938477,0.9995631792471066,1.000041261098449
107,2839700000,1.0011023239192547,0.9991966697596564,0.9992618302184862,0.9994255414667306,0.9996584060206443,0.9993223076288867,0.9973703992057982,0.9995226469638782,1.001664718934413,0.9979386476305765
108,2839975000,0.9998777384856119,0.9987143299455201,0.998111381623049,1.0002401351555954,0.9997645879466291,0.9985189053408178,0.9984541381013828,0.9993851528716009,0.9988935284968546,0.9991477315002241
109,2840250000,0.9994929587647539,0.9991936919223017,0.9995196785366095,0.9999953443157557,0.9988511927097046,1.0000936388199524,0.9988697421902631,0.9997315122034892,0.9994442198218241,0.999673992477158
110,2840525000,0.9998048435847948,1.000593280740449,0.9984242560060014,0.9995676889984285,0.999959543742151,0.9991379587000097,0.9987862948663311,0.998885783206233,0.9987343161743423,0.9999056160969669
111,2840800000,0.9985179358013804,0.9994953221440661,0.9992103634503731,0.9985303841683798,0.9995124210447629,0.9995563634425413,0.9995030476726711,0.9988068754774696,1.0003832092642069,0.9990112832760856
112,2841075000,0.9992832549610347,0.9993010246125078,0.9992753219713272,0.9994714049048368,0.998822885254635,0.9989980403271481,0.9992208321151352,0.999113442505417,0.9983958478483272,0.9986306166043135
113,2841350000,0.9998064802537706,0.9991755411868501,0.9997760644716776,0.9984980452197236,0.998621776074201,0.9983436778856564,0.9996185736381656,0.9997410226020734,0.9982903855727343,0.9997928571129933
114,2841625000,0.9992968082825068,0.9987229116197319,0.9991024194351124,0.9982765141153576,0.9980352306552376,1.0001451346979338,0.99864841655707,0.9987039074977949,0.9991657893936754,0.999472694717797
115,2841900000,0.9994877411070527,0.9990209363412507,0.9981887350595628,0.9980383819580336,0.998210571343298,0.9977222782510987,0.9969890094100564,1.000027574797416,0.9988924119920306,0.9998333643293666
116,2842175000,0.9994820188126045,0.9996008244655704,0.9981677531749803,0.9991048580751185,0.9975946522821698,0.9982937344366913,0.9982678495272119,0.9995085011236796,0.9985832321137369,0.9984671189396852
117,2842450000,0.9990151579734838,0.998409136242692,0.9991954186600468,0.9988213307677889,0.9993553824654497,0.998578680635947,0.9982657579781858,0.9998742710544387,0.9994205851575311,0.9991268121044585
118,2842725000,0.999167449517901,0.9984305923572818,0.9982586687216313,0.9985688327711888,0.9988388916975618,0.9977649350394737,0.9990125580034329,1.0000598957066356,0.9980485411081685,0.9994428697606466
119,2843000000,0.9987698111920732,0.9987095667015966,0.9994829341748644,0.9980148950864386,0.9980314423489522,0.9995238263586282,0.9967451354241617,0.9993222476015098,0.9988066491091654,1.0003135742449951
120,2843275000,0.9987877277644006,0.9992533364770045,0.99895507626765,0.9976769546952211,0.9987527771250516,0.9982624752160054,0.9970649412444007,0.9995376491219936,0.9981508033849377,0.998561750417202
121,2843550000,0.9982019022166054,0.9984297985445959,0.9981535063733863,0.9981524104183563,0.9989598566714029,0.9978094676315543,0.9987356421048212,0.999560007391541,0.9995012196060145,0.9994366123822909
122,2843825000,0.9999314543901814,0.9984984115864869,0.9984281709714599,0.9982968961988118,0.9986931290767396,0.9990814322908486,0.9990561424672619,0.9993552192314538,0.9989820121176894,0.9991608431863082
123,2844100000,0.9996449932656762,0.9988128381375188,0.9992081111527246,0.9988127041664542,0.9986451854939162,0.9988247443924693,0.9980705006998191,0.9995260872275494,0.9987079600059616,0.9990989274481435
124,2844375000,0.9997413272842719,0.998745032500953,0.9981425404709562,0.9983311870583558,0.9984524763654256,0.9989644595796177,0.9983084745102359,0.9994683733829599,0.9990500195250561,0.9984683812755154
125,2844650000,0.9992117910523818,0.9985625972654941,0.9985406625960485,0.9993491287030466,0.9983591079430209,0.9968214275351749,0.998327955396588,0.9988042349540203,0.9989838779715573,1.0002048587066779
126,2844925000,0.9987063084140432,0.9990717062614355,0.9986325889437784,0.9981322142190635,0.9984941078521229,0.9988054807442701,0.9979790099934177,0.9995631212651857,0.9992998108581306,0.9997048037743019
127,2845200000,0.9987366897736455,0.9985675451783494,0.9976986838296452,0.9990840553942236,0.9991272182782712,0.9977064820102094,0.9980344303613224,0.9992243069359315,0.9979745677748137,1.0004265532274828
128,2845475000,0.9990359796949525,0.9985095436225377,0.9985382796963647,0.9984189679301191,0.9995508557860736,0.9983297007635287,0.9981808239650822,0.9988859895653937,0.9990992881942586,1.0000140009220653
129,2845750000,0.9990275347379884,0.9986129046162192,0.9986619225067394,0.9973624886398115,0.9985181954064871,0.9981386853061572,0.9953460041878505,0.999485174423471,0.9980864220087055,0.9995635580228163
130,2846025000,0.9985435539975641,0.9987402855886911,0.9978451382683705,0.9982091763199874,0.9987187055205053,0.9977389275464305,0.9987071541614861,0.9991373064132685,0.9995741328336983,0.9982214841868251
131,2846300000,0.9987701993942517,0.9981090246426176,0.9992514193777932,0.9986039964353577,0.9978222825677447,0.9979097338291584,0.9987057199438915,0.9985921545774009,0.9995506768470708,0.9979253785375883
132,2846575000,0.9986618911045693,0.9988685769040245,0.9989420283833078,0.9985419886494834,0.9984495606480734,0.9977965515965183,0.9971453120706327,0.9985440673757546,0.9985407897149614,0.9982809830757244
133,2846850000,0.9988532254416996,0.9982012091143743,0.998138336868703,0.9986192210755744,0.997618197481897,0.9972165636452929,0.9974466363210167,0.9994691189176532,0.9994240786874041,1.000386227211026
134,2847125000,0.9979331400819427,0.9979362264341503,0.9979860420292164,0.9988184096125317,0.9971797900813284,0.9969453627654097,0.9973643115506476,0.9991906837247871,0.9972646811706743,0.9988390237463953
135,2847400000,0.9978944015825477,0.9985809112313714,0.9979294829840581,0.9974238242605092,0.9973569170326383,0.997786766060784,0.9973774937756319,0.9987949059070645,0.9980972971147033,1.0007259052189332
136,2847675000,0.9980979443586512,0.9976767320538741,0.9978011808484132,0.9979669591014936,0.9982715983176187,0.9976911590082074,0.9971446056781337,0.9988174713672369,0.9963223953332788,1.0001236442592585
137,2847950000,0.998614717893422,0.9983751447158095,0.9987347441980842,0.9984894207187467,0.9985643140261004,0.9961205953231235,0.9968480072978217,0.9991397551407704,0.9971868550033319,0.9988881141364285
138,2848225000,0.9985478555892491,0.9983454632701563,0.9975573315946518,0.9972704317199589,0.9975036086101992,0.9963056149067245,0.9973340632813349,0.998342228270839,0.9983705731504257,0.997870116059725
139,2848500000,0.998717282240052,0.9981905744332955,0.9979244020042505,0.9984429181056343,0.9974471360822418,0.9960184293449073,0.9967372876448122,0.999050695251994,0.9970044285256939,0.9994379396950501
140,2848775000,0.9992181531110521,0.9971785943241811,0.9980014336638007,0.9978565143023185,0.9967391478677093,0.9958553636020754,0.998836637457022,0.9977429758694951,0.9982186529813672,0.9973342782125675
141,2849050000,0.9986168835942253,0.9982084630010759,0.9977821784261589,0.9971115905182445,0.996343857506834,0.995841561599357,0.9983943679018239,0.998620647557965,0.9965603847630676,0.9987430515316698
142,2849325000,0.9980116960637366,0.9974252820960494,0.9984275850861297,0.9974401898539199,0.9971427073126434,0.9966272167907924,0.9983947495100092,0.9983999570843137,0.9983578920324312,0.9987322454329574
143,2849600000,0.9981332137276392,0.9977448686218306,0.996921885605905,0.9979372420339138,0.9972634444946337,0.9949095326958574,0.9983433075363034,0.9986126817364226,0.99871261662812,0.9987827833846443
144,2849875000,0.9979671864770046,0.9978009797160751,0.9978491059800532,0.9973772835050673,0.9971991221840316,0.9950699768929304,0.9956754931958973,0.9980587426651891,0.9981916201687528,0.9975280417650264
145,2850150000,0.9981250807524709,0.9971383132004182,0.9971071550606078,0.9984736144231341,0.996340856845147,0.9947101235443909,0.996350533044512,0.9984307456718393,0.9980819348754044,0.9989376555526996
146,2850425000,0.9974817640647753,0.9967175611807473,0.9971234771796866,0.9971869366919225,0.9953977603474375,0.993764025798193,0.9947503664965607,0.9979405194487243,0.9967960894186149,0.9983349986302894
147,2850700000,0.9970411104639407,0.9984012726744408,0.9972671809922204,0.9962576099899211,0.9959419737441266,0.9941058569257374,0.9952554639475542,0.9977846094648365,0.9979587502879272,0.9985907700089507
148,2850975000,0.9981214732167776,0.9973547494819468,0.9970144011545057,0.9971625264519963,0.9953571769874907,0.9936137494235081,0.9961734572113008,0.9977616501879553,0.9979218217971784,0.9989987987168183
149,2851250000,0.9973789001340898,0.9978371549925835,0.995977622161263,0.9973969670063192,0.9949144410347437,0.9938970673427616,0.99718512375885,0.9982129248684914,0.99683223183953,0.999242596646513
150,2851525000,0.9979125709573815,0.9969848896428346,0.9974658645966136,0.9957966147623472,0.9957883282165327,0.9941483868545163,0.9963667767317964,0.9977516431623544,0.997497126328836,0.9998015028880035
151,2851800000,0.9973563475865432,0.9971985106535459,0.9952507375875022,0.9954210981696956,0.9954488291721233,0.9926631188645054,0.9949212167556188,0.9973076075779759,0.9956948685203475,0.9973543024846336
152,2852075000,0.9977721752104385,0.9965712724471989,0.995800118955833,0.9955134481761034,0.995493981750473,0.9917250020348725,0.9956457656094498,0.9968955394825272,0.9974332463631681,0.9964284925462964
153,2852350000,0.9982192620277346,0.996838589124971,0.9957510933454611,0.9948141506725083,0.9943371724478979,0.9925489506646217,0.9959549229626712,0.9972196039404886,0.9955049250886991,0.996187571721028
154,2852625000,0.9972761965493262,0.9958496493682606,0.9951796789564655,0.9950601219025663,0.9950577213458365,0.9915169711697953,0.9939076252142404,0.9968659499897384,0.9961232271526279,0.9975933125340213
155,2852900000,0.9985525042552587,0.996890006879212,0.9951040768787465,0.9954220397797203,0.9930569498293838,0.9919609553565584,0.9946649340259273,0.9963152403775993,0.9945382224462984,0.9980203915342226
156,2853175000,0.9971437949379797,0.996927044264515,0.9946775811252091,0.9939619995105433,0.9937685090600393,0.9890573154988087,0.9919483649069273,0.9970962130933496,0.9964397183445405,0.9975973728811113
157,2853450000,0.9981570576107265,0.9962388946607461,0.9933522102559873,0.9942055487769172,0.9919506950508494,0.9899640383523857,0.991648350936967,0.9963455128216125,0.9947725977683252,0.996875614496845
158,2853725000,0.9965318070736315,0.9954861171501084,0.9954157124533323,0.9942181109725686,0.9919561609472438,0.9907020427221215,0.9946851547787183,0.9958233525197884,0.9955932113077995,0.9992050927189313
159,2854000000,0.997086682457967,0.9942798205153047,0.9945677402225397,0.9939978516335694,0.9928540961830619,0.9895794028153467,0.9908017914771671,0.9957133352093855,0.9949596483625174,0.9959363488215228
160,2854275000,0.9961859570463046,0.9944380232100145,0.9938660919353532,0.9934925481293206,0.9915174396859223,0.9900241136940623,0.9916241186169305,0.9958348639652428,0.9949769287118112,0.997885408035755
161,2854550000,0.9969837950211071,0.9945568287729449,0.9928544797248242,0.9928319845724819,0.9905321834537106,0.9895057298442305,0.991248755906018,0.9964436799280899,0.9947764382428718,0.9962073092652493
162,2854825000,0.9966623003841317,0.9942638491400781,0.993214021437393,0.9921820139941666,0.9905489107482509,0.9874319676635143,0.9906430990812866,0.9961301148119867,0.9945423059423639,0.9963622726547735
163,2855100000,0.9967531465973529,0.9927155746538819,0.9927981384005247,0.9907816220736833,0.9906259666826084,0.9879345785299835,0.9905543200265533,0.9957117560739269,0.994700661652308,0.9968433159131059
164,2855375000,0.9958504691648419,0.9925814694503459,0.9917658858431889,0.9917980352551439,0.9899037501553606,0.9876517844851708,0.9887551379525763,0.9952977984324282,0.9930810303869751,0.9948570758229284
165,2855650000,0.9960681438456197,0.9931829676069265,0.9917887622675718,0.9919977769099353,0.9904173831986226,0.9862250737252672,0.9889246910360493,0.9952228648179288,0.9942363034933684,0.9971146900326324
166,2855925000,0.9956534963902162,0.9914300324387593,0.9911692815200337,0.9903308208229575,0.990154452612422,0.9861533198086431,0.9873939573706109,0.9937989823683094,0.9920515091802725,0.9972220967358851
167,2856200000,0.9957875807816992,0.9923044146852743,0.9901984214833185,0.9907418457019338,0.9891500388492293,0.9845078315560242,0.9889779906173882,0.99503223579029,0.9938149898783596,0.9957057449819564
168,2856475000,0.9952562283829524,0.9915251773796205,0.9910044888050694,0.9898031329276442,0.9881271182812584,0.9846087909308877,0.9887123766776639,0.9935647102513382,0.992937641682649,0.9962103566861685
169,2856750000,0.9941963975182365,0.9920657896391901,0.9899245670724076,0.9890350716347364,0.9873803688331855,0.9852661279577725,0.9878743244203813,0.9937233988114673,0.9907152174172481,0.9947982614878675
170,2857025000,0.99381542396446,0.9908118096419067,0.9902387833647692,0.9885303214877638,0.9875272576481611,0.9840740477080114,0.9875978892029882,0.9939189103163888,0.9894355774909165,0.9941219595364933
171,2857300000,0.9952484632037382,0.9909041125657921,0.9892281640305046,0.9873202230094382,0.9868447651366732,0.9835050673332828,0.986424344916454,0.9935612462702097,0.9894399755480172,0.995873309341856
172,2857575000,0.9944546267079182,0.9895411120977026,0.9879497630838638,0.9873891974725347,0.9861637453655233,0.9828536936450838,0.986822964229791,0.9930719382370227,0.9888125643953872,0.994106264970051
173,2857850000,0.9937595948669877,0.9886318302029886,0.9878277395280349,0.9873315000718286,0.9852136183500521,0.9823744157966618,0.986272847688394,0.9925003866943188,0.9889671243370787,0.9946466664446512
174,2858125000,0.9937636273110266,0.9887857362117218,0.9866504081373965,0.9858765509696021,0.9847660795224575,0.9803631788253618,0.9842020215735678,0.9925089229108189,0.9898037701548775,0.9942416487950096
175,2858400000,0.9930832559861829,0.9880632873835173,0.9866628347506695,0.9861326672609764,0.9835263083595731,0.9789014126417314,0.9846707367141612,0.9917499817171064,0.9890737649602463,0.9941696969201483
176,2858675000,0.9938055742617294,0.9881840420218743,0.9864229526098752,0.9846131641665847,0.9834786655446475,0.9793391924328699,0.9839219398600627,0.9909742619275934,0.9887688374926222,0.9933036181104029
177,2858950000,0.9926971619548673,0.9872166900850263,0.9850896069797155,0.9845356741250779,0.9827916177090181,0.9785286143119205,0.9831869525690059,0.9915185350276762,0.9875050914876942,0.9928671589744708
178,2859225000,0.992203715116678,0.9869967259242083,0.9846379206633271,0.9839408097347886,0.9826453293161432,0.9778596475763891,0.9818160044088753,0.9899646114786553,0.9876689888637971,0.9935256398734864
179,2859500000,0.9919489076114705,0.9861658553980961,0.9840425742017697,0.9835505813793681,0.9811199409566765,0.976445395725483,0.9802925850725815,0.991012402238717,0.9871150009909762,0.9918658085487182
180,2859775000,0.9907921296050162,0.9852172798283771,0.9836670347283915,0.9826594852419333,0.9808955545114708,0.9754530679854344,0.9792720762781157,0.9896646199418311,0.9868060195492051,0.9907915998630081
181,2860050000,0.9906883988162065,0.9851466556917992,0.9826408901623647,0.9822000845940413,0.980643183908694,0.9769249367757502,0.9789796813996485,0.9896328389758525,0.9857868400390822,0.9892412440305878
182,2860325000,0.991196754031395,0.9847474411607794,0.9816671629220416,0.9823683328081022,0.978533921757617,0.9735053920948652,0.9798669190475296,0.9892377798925718,0.9837430091775186,0.991257247064955
183,2860600000,0.9897776082650848,0.9838781443957062,0.9811881514712275,0.9815444447578489,0.9782026213836365,0.9752622626455681,0.9770613795073757,0.9890674419341093,0.9834835945263262,0.988198567910121
184,2860875000,0.9885966055327615,0.9823823124867457,0.9812831161159739,0.9802386706447921,0.9773751880145356,0.9743373745712055,0.9759353549961117,0.9879662049904974,0.9827089698349869,0.990561966090433
185,2861150000,0.9873284075946859,0.982315717751452,0.9804762608540218,0.9781252475631698,0.9761469960674384,0.9754267722205474,0.9750139171932565,0.9880515300088595,0.9837032971006284,0.9884427273450183
186,2861425000,0.989186037202746,0.9814912603267223,0.9787763873232106,0.9778598073648296,0.975124459746425,0.9760738696906309,0.9734095446241555,0.9869539113898097,0.9812619882789093,0.9875198880992879
187,2861700000,0.9874468454704504,0.9804098390877773,0.9782362307637638,0.9769828293803381,0.9742223308648041,0.9763588668120864,0.9738801411529576,0.9870219888771488,0.9837830657028281,0.987278207063621
188,2861975000,0.987275671762114,0.9799616858503594,0.9764698641191956,0.9757803176972288,0.9730078631100305,0.9780367890246573,0.9732290218799705,0.9860718954423656,0.9805610520802212,0.9894316406337691
189,2862250000,0.9861677321773192,0.9797891059327744,0.976313702535998,0.975313083318466,0.9726021877063526,0.9790936241980673,0.970839086318903,0.9852945139244653,0.9802078366922696,0.9863135303537665
190,2862525000,0.9860529661822912,0.9783804714388515,0.9756651646000652,0.974729735985518,0.9721136947308932,0.980070639200155,0.9722936723770399,0.9854744622255527,0.9807464215734573,0.9878273840958164
191,2862800000,0.9858044714897606,0.9773217930302924,0.9743016985973877,0.9732975465081927,0.9707214586927067,0.9809127883250315,0.9723046811952637,0.9847122570813324,0.9782019356251925,0.9853944374971849
192,2863075000,0.9847719473203488,0.976494016269631,0.9725747331418859,0.9725980027634249,0.9703778385739121,0.9816299018193924,0.971319087793442,0.9839291894675813,0.977352951920128,0.9859861914020357
193,2863350000,0.9847411437735367,0.9766544578328701,0.9727091326605456,0.9715448808661243,0.9693723103417936,0.9830147610205453,0.9707398959271072,0.9838137767570738,0.9759999328919683,0.9841786247312051
194,2863625000,0.9842019336026092,0.974312233410568,0.9725326019407146,0.9710887683336134,0.9692634306490827,0.9839418440763384,0.971320259363234,0.983374042621259,0.9773414649155973,0.9828323168506422
195,2863900000,0.9824570109948574,0.9742566301165934,0.9711154726734841,0.9712244612567189,0.9685178856037129,0.9832409123416415,0.9702760828309427,0.9823140397690683,0.9754240402113957,0.9813707929273845
196,2864175000,0.982858189159077,0.9725097849411078,0.9710354032810813,0.9706452266445993,0.9698916644600822,0.9840061933020319,0.9708645753629335,0.981709027973706,0.9754874237859383,0.9820964071224794
197,2864450000,0.9824084315107118,0.9710127625707276,0.9694343323156357,0.9697966744981642,0.9697035133533995,0.9838136456340617,0.9724596439776698,0.9822387676565516,0.9727599585948598,0.9825490172592544
198,2864725000,0.9807932465055476,0.9708159435687483,0.9694771251188008,0.9693681929657549,0.9712227504765473,0.9843849372689368,0.9730927379189674,0.9815254867870629,0.9725662223223427,0.9817603353531765
199,2865000000,0.9784788960710472,0.9701041216777271,0.9692784872422833,0.9697610034500446,0.9711751041991888,0.9817057396601893,0.9744431785436609,0.9818928102185553,0.9708398994727393,0.9786570023238179
200,2865275000,0.9796042044484535,0.9695619842445434,0.9692133958684539,0.9690146780442696,0.9723614281258236,0.9822921192863059,0.9743002881388565,0.9821936093798969,0.9701171222784769,0.978286860691248
201,2865550000,0.9781078754846001,0.9695028089052324,0.9692821879354584,0.9706485532210648,0.9735431005829334,0.9805853158676945,0.9758873562705883,0.982400616240838,0.969561485779501,0.9784911961998592
202,2865825000,0.9772149145466318,0.9688893363037835,0.9697285602472222,0.9720269347467387,0.9755277261439526,0.9790581415182855,0.9793532427377993,0.9830799169626357,0.9702413107896882,0.9768103443203733
203,2866100000,0.9754189143197951,0.9694012008643466,0.9704705826770155,0.9723345538749695,0.9754482663190374,0.9780806183601022,0.980262770730693,0.9837352567482402,0.9691688585910045,0.9777329382385789
204,2866375000,0.9744830744977768,0.9691743458737909,0.9722830688186661,0.9733526620930093,0.9786063995132399,0.9775010092593184,0.9814430509018963,0.9841567398218695,0.9691149572112367,0.9746564181311058
205,2866650000,0.9741443751757278,0.9693219546741498,0.9731670361776397,0.9750614685912271,0.9792967612224294,0.97579248622067,0.9797343283066309,0.9855328457826205,0.9701984220811319,0.9761353095209048
206,2866925000,0.9733795648366942,0.9701774142050738,0.9750585986783047,0.9772623404584901,0.9802012896703167,0.9755537441857745,0.9808912537244433,0.9865606994626144,0.9706815378869209,0.9740050350935009
207,2867200000,0.9717786032264791,0.972111188622288,0.9768284794090006,0.9782800266906585,0.9807524060961105,0.9761838379851511,0.9824256880710269,0.9869465062159398,0.9719624938056203,0.9732013413253219
208,2867475000,0.9714134303190342,0.9732156461415862,0.9781255151321457,0.9790500035459891,0.9809532220669952,0.9748566201267947,0.9799305326518601,0.9874745677603921,0.973475335404023,0.9724907032887348
209,2867750000,0.969819466036157,0.9737001789829444,0.977834174856768,0.9808162016391134,0.9788076045829588,0.9755886896286252,0.9793609815361369,0.9888963368546153,0.973941961189768,0.9710623870857017
210,2868025000,0.9692181841887545,0.9753605864866312,0.9790217680017862,0.9805627279925808,0.9793840838098188,0.9756926490651722,0.97739749677395,0.9879509422225148,0.9768368204585686,0.9707912890904484
211,2868300000,0.9687233051100372,0.976600636852123,0.9796451817446464,0.9803452166807977,0.9770164658673178,0.9761184970579925,0.9751707011448963,0.9883641028501385,0.9779425447386128,0.9716668150326248
212,2868575000,0.9690066843633238,0.9796417015099955,0.9799471210651177,0.9802185817316824,0.9764673065168118,0.9769573965183305,0.9754450966891761,0.9885770635708333,0.9792369948167821,0.9698042204809069
213,2868850000,0.9684696227835424,0.9801435697671839,0.9798330481019317,0.9788300139379669,0.9744272110302536,0.9779575108183753,0.9726877052716176,0.9870092052285173,0.9798964777604875,0.9666136821766507
214,2869125000,0.9674795319810998,0.9802896865093164,0.9789767233608485,0.9774656837467088,0.9740665820477074,0.9777322217921682,0.9717615621877346,0.9871377253485137,0.9803439531366607,0.9706219701191598
215,2869400000,0.9678068300653608,0.9801693336240787,0.9782971453101093,0.9768180072464565,0.9725142102223516,0.9785638064347867,0.9705770036334062,0.9861586668509346,0.9806731845450075,0.9702205722066273
216,2869675000,0.9680745245361723,0.9803214629488426,0.9775565438411369,0.9741319245872188,0.9713902115731398,0.9790339081668101,0.9700039623956377,0.9856693693678388,0.9815810614639148,0.9710260613884151
217,2869950000,0.9700864951858725,0.9789519916268433,0.9746647170938166,0.973565856742478,0.9704460358665472,0.9787320323410509,0.9698657482252303,0.9843783315572274,0.9787102376297065,0.9713945420367684
218,2870225000,0.9691417169114507,0.978670449801087,0.9739910808999231,0.97291093455797,0.9700149471558072,0.9808922207410053,0.9696225719280874,0.9840607844485382,0.9791169095667971,0.9719068923573717
219,2870500000,0.9712792175448937,0.9764796287464053,0.9728076109567461,0.9710723088855591,0.9698181852273051,0.9821074036585971,0.9716608911549562,0.983462809484151,0.9775457601089335,0.9747060996835083
220,2870775000,0.9719043449725505,0.97558373200334,0.9704018443974316,0.9701199336018465,0.9694875828925782,0.9829136806603151,0.9718013071068291,0.9832354631843878,0.9758774935179704,0.9748719426420314
221,2871050000,0.9723421519819856,0.9733217902123608,0.9706665134961422,0.9695732381041036,0.9691816298550975,0.9826428343452267,0.9715719271712224,0.9814741727702071,0.974901375562187,0.9770917507267887
222,2871325000,0.9747114150336955,0.9728190108393072,0.9695172138044783,0.9684059375251306,0.9704965011436885,0.9833401112586112,0.9713287212441634,0.9819510409378539,0.973239821058913,0.9790601805806769
223,2871600000,0.9759536939778094,0.971339563682698,0.9682417431771464,0.9694321096499172,0.9694166781600597,0.9834852318162445,0.9735241262283529,0.98154031472869,0.9735771945293481,0.9799309339674871
224,2871875000,0.9777052235495569,0.9713501312465224,0.9681559323058496,0.969300392774654,0.971570756925864,0.9844321703323611,0.9719656763292241,0.9820646912802918,0.9717459020814532,0.9791881647655737
225,2872150000,0.9799115650233577,0.9697729450228995,0.9691036002653636,0.9687156967621786,0.9720443375128053,0.9855341171083298,0.9734135218908437,0.9817075619723127,0.9690292842674582,0.9797461416659454
226,2872425000,0.9794258737634093,0.9695285635167328,0.9692913565315674,0.9698475573118002,0.9729130091550224,0.9869093904797072,0.9763085280579913,0.9830145181529447,0.9708220238850085,0.9811511296691375
227,2872700000,0.9792147808642188,0.9697635593472511,0.9693459830378315,0.9709612872818866,0.9735285994826021,0.9871661836695176,0.9755515683734495,0.9824045408280979,0.968668343795777,0.9806736305639653
228,2872975000,0.9787805046356506,0.9682620204974718,0.9707965442985484,0.9725751118419655,0.974865859581756,0.9873555773368438,0.9785478709485324,0.9825166206972118,0.9687626606488404,0.980330144860633
229,2873250000,0.9772881882851963,0.9688184579971477,0.9706055708380967,0.9728712402865939,0.9755597622734637,0.987678945866076,0.9766365364599575,0.9837715415145398,0.9702448217909809,0.9770415864116364
230,2873525000,0.9776150650192073,0.9699961706066621,0.9721816751209822,0.9731574779991621,0.9763596785195428,0.9881592695518429,0.9788062326500485,0.9851267112303708,0.9705841823020631,0.97845140272557
231,2873800000,0.9763669807950283,0.9707224822287778,0.9733568883478065,0.9741719726118714,0.9783138608507619,0.9889951589515084,0.9788543272267913,0.9845808957890513,0.9721066954543038,0.9769259616166025
232,2874075000,0.9743504474789701,0.9710757836596328,0.973397081862164,0.9747847438080567,0.9771826533476375,0.9895934902924061,0.98117247538938,0.984682330541068,0.971412275285487,0.9749157620209645
233,2874350000,0.9729696920793579,0.9706699305392341,0.974327310020621,0.9761892849997023,0.9791003148109162,0.9882905989409896,0.981066979691247,0.9859616460260099,0.9725323791154606,0.9727172704793723
234,2874625000,0.972007307971515,0.9716998315982593,0.9751266537777917,0.9764348553233408,0.9790885089924757,0.9886370433774369,0.9823753272181796,0.986927309198891,0.97374573176343,0.9727918696381075
235,2874900000,0.96935730450644,0.9725282820562013,0.9769183522352332,0.9779759770066293,0.9803712787557438,0.9896476068388683,0.9843049935441532,0.9870034453986343,0.9748809297726944,0.9727602663604735
236,2875175000,0.9689840500150949,0.9742176513606299,0.9775288379434882,0.9782029961441822,0.9804314842212893,0.9904641925870271,0.9830102857486133,0.9873410978674204,0.9743951202517878,0.9703178756306816
237,2875450000,0.9687766432874735,0.975416251575453,0.9770948814227559,0.9795578248589067,0.9818915876995308,0.9910381903807017,0.9846177119392581,0.9873175267656168,0.9764625268052927,0.9689808458712333
238,2875725000,0.9685602480872114,0.9759288982487934,0.9788551441081893,0.9785811226392102,0.9822848143928801,0.9912924148650634,0.9833684859376801,0.9888699766398139,0.9768621686523389,0.9692242234375155
239,2876000000,0.9685032332731547,0.9774846162613596,0.9785775483187691,0.9817337405326529,0.9832482475154215,0.9910781219183368,0.9842054551662088,0.988727767625957,0.9789527144279212,0.9699190177969056
240,2876275000,0.9669796798595445,0.977615357037419,0.9802055522388764,0.9817249990438128,0.9830752038369092,0.9922447319658506,0.9857952197958441,0.9895052512880782,0.9780888144634974,0.9690785086244356
241,2876550000,0.9685195633517004,0.9784653346606427,0.9805953359828342,0.9811768182700003,0.9833174987537042,0.9923531896261132,0.9875047862805589,0.9896361835783634,0.9785854018901452,0.9704221015953227
242,2876825000,0.9690339806925828,0.9788559222499923,0.9822623679448604,0.9824623669841954,0.9853645858616761,0.9939144061469274,0.9869089635872393,0.9889834494310256,0.9798281795545236,0.9715303034551521
243,2877100000,0.9679200686113509,0.9801881699365032,0.9841442830616199,0.9838539536329834,0.9864952239578137,0.994787074727361,0.9876276569227591,0.98982561567538,0.9812475699356173,0.9717178969132563
244,2877375000,0.9698737103059832,0.9809118250159026,0.9825334303258881,0.9841270427333637,0.9858052770516771,0.9933223982384904,0.9873658683791208,0.9898038328709967,0.9818240713363862,0.9719662494291722
245,2877650000,0.9701842469959816,0.9817244276185653,0.9836080695829763,0.9840659694029367,0.9867309990940012,0.995112044002416,0.9876237359301432,0.9904753422430178,0.9804808564597277,0.9743535466345703
246,2877925000,0.9712243036736335,0.9822197347048847,0.985301652658427,0.9853014757776023,0.9877892194105463,0.9942686618377472,0.9880058232430091,0.9912955795277323,0.9836535119833403,0.9731005299206184
247,2878200000,0.9724234424643134,0.9830125950408946,0.9856321870275463,0.986011250008208,0.9879692199117731,0.9936120327187382,0.9899298075150355,0.9921115588365148,0.9831012533531078,0.9750778583610767
248,2878475000,0.9728095161250667,0.9837676335923737,0.9856156234304282,0.9866709187834612,0.9899683196059079,0.9943225863941465,0.9876982640094929,0.9926968299810214,0.9854656356083833,0.9761466044725264
249,2878750000,0.9748511468477024,0.9837035818834147,0.9857162710815203,0.9873160659863532,0.9891673672181106,0.9952264700408755,0.9905481112581312,0.9915873350349865,0.9856841913831527,0.9766264177834598
250,2879025000,0.9755568696964824,0.9849421849478611,0.9869629552211809,0.9875657548143296,0.9890640897479689,0.9948308434700759,0.9899209478911593,0.9926676547734928,0.9857058229351588,0.9779740343118061
251,2879300000,0.9758032961066482,0.9850832809328521,0.9886364539173681,0.9878908247840127,0.9889148177154173,0.9955269122846181,0.9911760184662557,0.9936497362915294,0.9856641660162779,0.9782111305561187
252,2879575000,0.9759704811713713,0.9866204051804744,0.9885484744951987,0.9897009757985569,0.9903015561767075,0.9953886277198861,0.9907451392995534,0.9935661557789893,0.9878863493584922,0.9786000816189098
253,2879850000,0.9778998744819144,0.9867159457878811,0.9875521075652206,0.9888937992519078,0.9899634399582073,0.9954833204946808,0.9908442062423963,0.9939858875304757,0.9870141445152543,0.9799680149468923
254,2880125000,0.9780547269898493,0.9871122642747424,0.9883857934162725,0.9894491406131634,0.9902834240029241,0.9973189670171207,0.991633442552605,0.9936245530508185,0.9876435182515543,0.9818550031062244
255,2880400000,0.9786823361207386,0.9876086771253688,0.9890049271485618,0.9901073603141309,0.9904105200581818,0.9961333717720215,0.9932125591781991,0.9933187526641168,0.9880145454988186,0.9820832654233163
256,2880675000,0.9802439579474878,0.9874887567416635,0.9900844352554592,0.990255719007561,0.9915717235678835,0.9959314355405134,0.9927645136530625,0.9943666403009439,0.990268438534736,0.9823741435799558
257,2880950000,0.981246095394168,0.9890705535759226,0.9909352086315221,0.9906583814303458,0.9924809636454911,0.9973096157684357,0.9946531853427173,0.9945058684696552,0.989776702766774,0.9830416566053508
258,2881225000,0.981866151520402,0.989140314034371,0.9901422982540198,0.9913680983275148,0.9920988573297638,0.997226025621042,0.9945221299910165,0.9938514095696263,0.9907178486586993,0.9818921361998993
259,2881500000,0.9825990410106981,0.9896330985120894,0.9911218115761973,0.9908915555239158,0.9936123315910785,0.9985731963277814,0.9928964613013547,0.9952211181327222,0.9899847206453438,0.9845129301544219
260,2881775000,0.9835459838219678,0.9899595676712029,0.9919210096314208,0.9925207726827743,0.9932184080927631,0.9973986912757272,0.9940780267323643,0.9947924512836301,0.9905808128683911,0.9853863295504324
261,2882050000,0.9840757305270327,0.9912126041585719,0.9922853454063388,0.992338042635952,0.9927906061314463,0.997783667207404,0.9940323931812808,0.9952772195684756,0.992307433983281,0.9856807664455877
262,2882325000,0.9848531446457042,0.9917750503592657,0.9928011493533461,0.9925525756585739,0.9937126102065745,0.9971513844202998,0.9935654974161044,0.9960124035892932,0.9912388499496553,0.9862127392259665
263,2882600000,0.9847790340668648,0.9915892339801183,0.9920091654222749,0.9933242608264635,0.9933915541655228,0.9967558136466064,0.9966105061602575,0.9956067453588164,0.9909173243053291,0.9886569518814342
264,2882875000,0.9853943490435069,0.9913857127006465,0.9937567679087267,0.9931769937434843,0.994057583054691,0.9980917370101189,0.9962959151108287,0.9966549644371386,0.9916883831119867,0.9883670415349858
265,2883150000,0.9858882061188234,0.9914107534912059,0.9947235703202452,0.9937045965832816,0.9939188597468076,0.9980749299777444,0.9966411135843722,0.9966876775878675,0.9924398125221987,0.9880083341569244
266,2883425000,0.9871174592478527,0.9919888762756944,0.9929317111222737,0.9931331904089069,0.9949128659358527,0.99700740703413,0.9949877934495068,0.9973395035659882,0.9941633248943503,0.9869163037831026
267,2883700000,0.9868158255237778,0.992135729746472,0.9935898010035248,0.9944603850729756,0.994468440394831,0.9982663163248569,0.994178043346518,0.9964930331799909,0.9912066639239292,0.9879851345185283
268,2883975000,0.9871145701415194,0.9924765163784186,0.9942533100153059,0.9943028716332424,0.9967173638573565,0.9976850723747891,0.9956441298944912,0.9967782813585603,0.9938999565653027,0.9901633947390398
269,2884250000,0.9881279796520395,0.9930953411019319,0.9942255893570544,0.9943161521988751,0.9953407203714433,0.9977138880236756,0.9970079299080328,0.9965595279519,0.9938282040157009,0.9908192651896831
270,2884525000,0.9893881209777793,0.9943407276176471,0.9943310573779636,0.9936875869815519,0.9961381354004081,0.9992613342697498,0.9979435436885579,0.996522109635765,0.9959786534985374,0.9903399549418322
271,2884800000,0.9894946873452578,0.9937483781490942,0.9946705519845618,0.9953177351946284,0.9960350601958021,0.9975046032936673,0.9960042468949298,0.9982950781837107,0.9947365522981917,0.9905922747023826
272,2885075000,0.990711330201442,0.9942734284268924,0.995156076550893,0.9957175595374036,0.9962234082550229,0.9986647643523167,0.9955051698861203,0.9973809156037031,0.9949450690700875,0.9908589600947586
273,2885350000,0.990102134981354,0.9958363494880151,0.9953997372276204,0.9965034465534254,0.996993479559874,0.9987412393903632,0.9965121564407534,0.998194688532619,0.994963536818738,0.9909622962980927
274,2885625000,0.9905228482253848,0.9950914346784213,0.9953931556041833,0.99596199423337,0.995992767437001,0.9987079395035141,0.9983629528349284,0.9973759382352925,0.9955426903721596,0.9936808654787344
275,2885900000,0.9914550105260941,0.9949277833495168,0.9962532113629572,0.9966779788400923,0.9970451818010783,0.9986020454700458,0.99737588465942,0.9974850785577003,0.99625891124322,0.9930795015482925
276,2886175000,0.9914909921351264,0.9945935746362191,0.9964453468327388,0.9957839668432094,0.9976573785991525,0.9984268276721966,0.9992351566496634,0.99842436672918,0.9960010831937816,0.993961686788718
277,2886450000,0.9923808208913263,0.9960847271727645,0.9962543175398066,0.996418258279839,0.9975303443448071,0.9971260103678541,0.9964940858898422,0.9986402558385088,0.9966410433524515,0.9932746265553846
278,2886725000,0.9912870223235702,0.9953181053710769,0.9967761984546284,0.9971977849096448,0.9969437500128404,0.9992446230601907,0.9978572003928036,0.9980579692845954,0.9966463918829932,0.9936101321911494
279,2887000000,0.9927579544480781,0.9959424502949001,0.9971765152745126,0.9977776582338208,0.9974532304923964,0.9984511425032238,0.9969528385814876,0.9982033241562993,0.9967602266160803,0.9939057737883452
280,2887275000,0.9932158882676592,0.9953751471072475,0.9970335717519319,0.9966341308674069,0.9975099092442521,0.9976409447410194,0.996740534055374,0.9978304269403231,0.9956157400614416,0.993570568287019
281,2887550000,0.9935897708815079,0.9977294172909454,0.9979919547740381,0.9964861709933254,0.9977490117967662,0.9977889060677888,0.9978819576042106,0.9986162701322567,0.9961707046714284,0.9940414678526217
282,2887825000,0.9940020878471174,0.9977566864582802,0.9964689051533407,0.9971408916368203,0.9974654564070471,0.9991123150393252,0.9974392836761322,0.9990500597719599,0.9981137592930207,0.9941823354016831
283,2888100000,0.9931085119432401,0.9962446006233177,0.9974655922677371,0.9979304880108646,0.9982140717640836,0.9992811656256059,0.9960294046456792,0.998550824529314,0.997574711974593,0.9937310491382663
284,2888375000,0.9940920020065875,0.9961883862396584,0.9967307655154103,0.9967324054924959,0.9976122557444804,0.9988140182141335,0.9972086413117555,0.9985517709289319,0.9975952320829149,0.993594314324986
285,2888650000,0.9942953669004466,0.99656647214243,0.9962402631188705,0.9971607462639853,0.9977852409399541,0.998247095189534,0.9996387609122162,0.9980514580828412,0.9975669199750868,0.9954472050771873
286,2888925000,0.9951979034388906,0.9963060641270167,0.997157734795134,0.9981654821019869,0.9977928649711898,0.9986231567375243,0.9992455008083968,0.9986540415459683,0.9975858468468711,0.9961037856683633
287,2889200000,0.9948762614027608,0.9976774688715035,0.9973139615050829,0.9983460813624508,0.9986249250768532,0.9990180529410687,0.9992090770913775,0.9990913707040618,0.9966916380892259,0.9974156821559342
288,2889475000,0.9965344268363233,0.9982470326637105,0.9976261850233072,0.9980273598357162,0.9981961593283879,0.9987369759243798,0.9987976329699149,0.9987133948594724,0.9966084002794282,0.9949161347621578
289,2889750000,0.9956567863930162,0.9966401373526433,0.9977201477218636,0.998934179366271,0.9988415138828965,0.9999406766572256,0.9988918742413517,0.9985515221769002,0.9967789506851314,0.996924345642546
290,2890025000,0.9951036746938368,0.9975578696695496,0.9981073355101973,0.9989573009512782,0.9992997759788484,0.9994907337667109,1.000286406983308,0.9985270170399799,0.9971816112639713,0.9946783745652203
291,2890300000,0.9960957430582569,0.9983214147546374,0.9971363023004345,0.998344257082532,0.9984666627304496,0.9984858334425091,0.9973700288701196,0.998874071916716,0.9976351759299897,0.9965529689369568
292,2890575000,0.9965387759137114,0.9972434474177644,0.997353500746949,0.9976031174492132,0.9978567987543453,1.0001483644071092,0.9998591763321176,0.9985320229594008,0.9971681749626276,0.9971803109472992
293,2890850000,0.9969335543362899,0.9976512453715943,0.9981434145475135,0.9972697818705106,0.9985481052795206,0.9989363897737576,0.9995727575211385,0.9991642916715796,0.99822735942387,0.9976364723440968
294,2891125000,0.9971153359323265,0.9983789104703855,0.9977762049173539,0.9981164040214842,0.9987746991355388,0.9997092985775329,0.9985320014818231,0.9986631640751241,0.9988100814253047,0.9984949202641911
295,2891400000,0.997309583893495,0.9980940587243216,0.9986996427420981,0.9973196588514367,0.9983759392262779,0.9988776197846778,1.00008991625762,1.000237123213582,0.9979017090621018,0.9985145579019596
296,2891675000,0.9967387667682733,0.9982244760476492,0.9983788022048468,0.9975243686761359,0.9978674842673493,0.9995166550939024,0.9985182122766404,0.997899910788212,0.9984069546858872,0.9969119970800945
297,2891950000,0.9971704697465396,0.9983402446982654,0.9991447804441477,0.9990693991245313,0.9989104063942442,0.9987276805796744,0.998635019897908,0.9982782733216554,0.9987575561546282,0.9984068661544633
298,2892225000,0.9959100829602204,0.9982590754954898,0.9976956858758751,0.9982194037376133,0.9983020961566538,0.9985325141976912,0.9985084436561635,0.9981532538880216,0.9978019417881276,0.9986535777775039
299,2892500000,0.9984334679878449,0.9986255603980428,0.9975853769902199,0.9986548309781529,0.9986386969798583,0.999054420870002,0.998533805722782,0.999093446721877,0.9970627913271974,0.9976451701998258
300,2892775000,0.9970007687516801,0.9981232526035353,0.9981964888871384,0.9988812860159083,0.9984392516709374,0.9990912189644304,0.9988879091566183,0.9977651780239823,0.99859975772349,0.9988664726871821
301,2893050000,0.9967927915325219,0.9980458221627209,0.9981342444316098,0.9984171534024574,0.9992506285946291,1.0002459810420066,0.9983088830186859,0.9993534469694929,0.998903802336548,0.9974071074304831
302,2893325000,0.9976391825669818,0.9989791069774884,0.998869427854913,0.9979871100137914,0.9984979759598674,1.0000598603543056,0.9987297689604246,0.9991667032942082,0.9976421076198996,0.9970540443037287
303,2893600000,0.9972347475850515,0.9975558221872072,0.9987370773193389,0.9991945190725618,0.9991038348553251,0.9996945594258978,0.9993507345430819,0.9989257494060196,0.9989010133815054,0.9985930617558341
304,2893875000,0.998846649618741,0.9980238500422638,0.9987715819779648,0.9987541337545157,0.9976345419830983,0.9994760186750432,1.0008579929212555,0.9988012109587666,0.9982350443605974,0.996242283425028
305,2894150000,0.9978471627828747,0.9972075044259006,0.9984257920141255,0.9986723639005228,0.9984664534483738,0.9996050686728232,0.997223753182702,0.99997637148388,0.9969072778094901,0.9968453303230385
306,2894425000,0.9974364837134341,0.9982885054313934,0.9980010373376126,0.9998933170163252,0.9990321193759145,0.9993830660715838,0.9985400531118651,0.9983925737856505,0.9985973845768376,0.9999355231528444
307,2894700000,0.9985392811687853,0.998570336839113,0.9984309440634486,0.9998392044390614,0.9982416126433508,0.9997285886426858,0.9994420682151683,0.9995740562914501,0.9981564613998462,0.9992361102505122
308,2894975000,0.9983135445906871,0.998053822750468,0.998180725601474,0.9998929669969937,0.999790141212243,1.0000571509173375,0.9998069501770505,0.9996705696056292,0.9983316957659151,0.9976756184114569
309,2895250000,0.9985927594838734,0.9990700380791465,0.9991234409305474,0.9988254380312861,0.9989989412052352,0.9988284810617231,0.9988024095190274,0.9999264656018063,0.9987807595578941,0.9981038134795627
310,2895525000,0.9976421145797467,0.9981545814234513,0.9989968160775565,0.9982691021794545,0.9996956669681021,1.0009765911005049,0.9997727160591167,0.9988624944629191,0.9976246895123972,0.9981585082054535
311,2895800000,0.998823353316507,0.9989118642025097,0.9986422249021923,0.9987160948232814,0.9986199458683893,0.9994035393233427,0.9985366424634906,0.9996409482168056,0.9971241329142405,0.9976036706108224
312,2896075000,0.9975977343057145,0.9987212664230536,0.9991153109212935,0.9991610893753502,0.9993172225131488,0.9995526525413948,0.9981111688442061,0.9991371275285672,0.999700521681002,0.9977131711857137
313,2896350000,0.9981881593534601,0.9983367226786056,0.9994103162354966,0.9994211831446964,0.9993404211949712,0.99961795150734,0.9991201117375549,0.999367359268973,0.9981489598472608,0.9998079591753495
314,2896625000,0.9980463084216651,0.9982772158692047,0.9993229068928281,0.9989538111390998,0.9994580267284984,0.9999752918609968,0.9979444402045282,0.9999710035474938,0.9996142272006636,0.9981734962359438
315,2896900000,0.9980128584202468,0.9983980239103515,0.9989327757832289,0.9998575933763191,0.9995627432691273,1.0000364914306439,0.9991671069346124,0.9999192174352097,0.9990913019732443,0.9998076624135612
316,2897175000,0.998331808993694,0.9988751375034731,0.9980702990120871,0.999963410980253,0.9988329643936136,0.9992861745933327,1.0003674904732156,0.9999346258842907,0.9999528395722332,0.9987041724547213
317,2897450000,0.9987225910506515,0.9998935954578565,0.99971587221893,0.9999474540140679,0.9983474311460537,0.9993431284033513,0.9989471995789914,0.9988487562560414,0.9997308829286029,0.9988582913057101
318,2897725000,0.9978944641853631,0.9990149306429035,1.0002459837505522,0.9985261551303475,0.9995886198475935,0.9996429372203265,1.000446522594215,0.9996241876795569,0.9987083324420629,0.9989896399597541
319,2898000000,0.9989803296613603,0.9996807051663101,1.0001684671002073,0.9990435530615897,0.9989961189120149,0.9998920520973411,1.0014406875777107,0.9995433414448917,1.000021824799728,0.9994385207742875
320,2898275000,0.9982730588517126,0.9991235148986997,0.9989430873096288,0.9997069766677573,0.999856471805154,0.9986026948507294,0.9991018793955065,0.9987598646693876,0.9983794058411851,0.9984105496839082
321,2898550000,0.999241631317421,0.9991955471291526,0.9995599440870382,1.000165774893984,0.9989821411231982,0.9991242979071409,0.998882825968453,0.9997832935069995,1.0002056027665591,0.9995836205475355
322,2898825000,0.9983327484189303,0.999074939448153,0.998842831390816,1.0008670222426215,0.9994123176265767,0.9988550551841622,1.001173406839104,1.0003318657734859,0.9997392839302744,0.9995938967420424
323,2899100000,0.9986883835251077,0.9998918523049319,0.9994656378610213,0.9992560848744452,0.9983593699038736,1.0005748312044653,0.9983907373335088,0.9986431848360744,0.9992960805549623,0.9996901171037316
324,2899375000,0.9994155872713806,0.9991919754305062,0.9995325386857928,0.9990278520387712,0.9997920072209763,0.9996738993499992,0.9997560458594843,0.999940609439437,0.999421860664009,0.9976022133572865
325,2899650000,0.999073448592746,0.9998020324921061,0.9998379304114721,1.0002997706708034,0.9991887714284485,0.999167485035077,0.9995808192929494,1.000079645424732,0.9989482198420244,0.9983350802765679
326,2899925000,0.9985694639071261,0.9989667249639602,0.9999091814961106,0.9994876006481844,0.9992830009807734,0.999222915056788,0.9995533100402088,1.0002167275253209,0.999017928342953,0.9996974862780016
327,2900200000,0.9990372797551582,0.9995696944201353,0.9999048201308604,1.0008225011834484,0.9989121850970986,1.000507402150397,1.000517133180119,0.9993449917110624,0.9994942605945972,0.9995291803206261
328,2900475000,0.998640114425887,0.9998172088814792,0.9994394585993693,1.000182108303643,0.999720222788765,1.0017035774037233,0.9993998129702271,0.9993662701491336,0.998988371729102,0.9994366143491469
329,2900750000,0.9982043222331485,0.9992047241848406,0.9996015806168401,0.9998183182512725,1.0002350418237533,1.00098887687672,0.9982901810446498,0.9997465163653118,0.9984984031811512,0.9997579143858994
330,2901025000,0.9992917619865316,0.9985830500717651,0.9996697654981892,0.9998249975024501,0.999283238270452,1.000863399946189,0.9994205357604877,0.9989189403693287,1.000642297299647,0.9991813070964868
331,2901300000,0.9991175770417575,0.9991864990600032,1.0002129179004948,0.9994581906621971,0.9995011204069847,0.9995134184793467,0.9990756810133283,1.0000205833538056,1.0000448060191889,0.999763041473062
332,2901575000,0.9999413056431697,0.9996159605006073,0.9978124971981842,0.9986604215742801,0.9992140302818706,0.9999823432810878,0.998972965377833,0.999996933446635,1.0005081485447944,0.9984423369637827
333,2901850000,0.9992302857130365,1.0008661324355643,0.999491162415821,0.9990704129785652,0.9995436182830681,0.9992460289999952,1.0015517182704856,0.999920727760492,1.0004213950515257,1.0001868570961303
334,2902125000,0.998748309872568,1.000557700854572,1.000117588078443,0.9999035438242407,0.9999238011967482,1.0008188877343545,0.9983412619851529,0.9998420689441789,0.9989144645656705,1.0000591857227987
335,2902400000,0.9997528029915043,1.0000000541832912,1.0001175605836499,0.9999105957493672,0.9999595103125409,0.9997172889485649,0.9997958339187752,0.999356839060435,0.9987469415720611,1.0000686148057545
336,2902675000,0.9983292901646794,1.0005981412889404,0.9997212255491386,0.999676147967582,1.0003703473983283,0.9994607962648565,0.9998308550002601,0.999549320998929,0.9999973549096272,0.9989337652065181
337,2902950000,0.9989034093294209,0.9995779868905518,0.9995486305184926,1.0000374307986521,1.000568698668897,0.99947655840108,1.0002575429004805,0.9996514130474121,1.0009519330633023,1.0001833709686303
338,2903225000,0.9990648515109661,1.0007642739515357,0.999945873592806,0.9986444442730372,0.999824191481495,0.99798980598839,1.0019591423495886,0.9996065124607921,0.9986836445322561,0.9993965464839475
339,2903500000,0.9985084621442253,1.000334991858562,1.000481035455369,1.0005524860404003,0.9990165791156197,0.9987106344341765,0.9985799266878844,0.9995067214711508,0.998608674765696,1.0007157238270319
340,2903775000,0.9985010603752542,1.0003813372928123,0.999662864984106,0.999057895982905,0.9998978242939788,0.9992417923397808,1.0010534335304095,0.9993149671538722,0.999823349987292,0.9989113953512161
341,2904050000,0.9999823211837718,0.9995738246070475,1.0001255102013986,0.9997975034664226,0.9997823829528545,1.0000351600547013,0.9999604155330518,0.9997317056931176,0.9997638722139193,0.9986097445388067
342,2904325000,0.9992802063276137,0.9993181166487468,0.9996156677605034,1.0001334362307908,0.9984065430759829,0.9999473179611746,0.998713823623166,0.9997887013159541,1.000369609086349,1.0000769416187716
343,2904600000,0.9989743139804106,0.9990118256124337,1.0006070790294652,0.9998561177988186,1.0002965457679847,0.9996248730483965,1.000450799855717,1.0004035393775559,0.9982769458809176,1.0012687624744283
344,2904875000,0.9995763649100345,0.9997116599247033,1.0004022452588286,0.9996753702788109,0.9990312912698945,1.0004721536286483,1.0001406480119326,0.999896069224215,0.9994189923546694,0.9977266124322824
345,2905150000,0.9999281361384671,0.9998442283790594,0.99944627345231,0.9998691132906596,1.000579568677646,1.0013094032040806,1.0002322419297411,0.9995323614216997,0.9999737039248418,0.9998441668616754
346,2905425000,0.9993898965794706,0.9996246724075765,1.000133165148609,1.0000450983090852,1.0003165232766327,1.0002215001463,1.000880533177473,0.9995077045653755,0.9994303988438116,0.9989545133851638
347,2905700000,1.0003196834366384,0.9985177073926945,0.9999930398032856,0.9990473292435486,1.000197916574649,1.0012731659977336,0.9990925280570093,0.9993896302439472,0.9989415343054222,0.999901773183461
348,2905975000,0.9991393276821436,0.9983839119528685,1.000086494406248,0.9997232513000825,1.0000335687226651,0.9996714080796796,0.9998013311686083,1.0001979906201972,0.9985771322312583,1.0005909500572125
349,2906250000,0.9990503309098021,0.9985154383696166,0.9997088740941442,0.9997175812622652,1.0000468107830072,0.999599072942372,1.0005238660855995,0.9998428909362592,1.0002257258787153,1.0002885015450342
350,2906525000,0.9998245589691311,0.9987164682315155,0.999774942740579,1.0005225707055545,0.9993832015588879,0.999977550583773,0.9991828686918836,1.0002689271425385,0.9988765839235961,0.999150249702506
351,2906800000,0.9993940847458799,0.9999242973663958,0.9999455121872145,0.9994669786958105,1.0004057621704179,0.9990481203179781,0.9993812277287363,1.0002693588527654,0.9993084348624054,0.9974230283439093
352,2907075000,0.9997953067564614,1.0000317365953382,0.9993746024458801,1.0002820717504066,0.9995837066011869,1.0003535135252313,0.9996366764808384,0.9990927780095901,1.0004040057673234,0.9991659048596467
353,2907350000,0.9988432504583962,0.9996291573564723,0.9990702298032349,1.0004857888046452,0.9989424987120417,1.000797829238967,0.9995670798899439,0.999698212380475,1.0000820231745777,0.9998269536739842
354,2907625000,0.9999138523742681,0.9996866612008471,0.9998341960025615,0.9996229298397158,0.9995916773427992,1.000565016809348,1.0012261337380226,0.9991446370970314,1.0003399943363267,0.9994977384646588
355,2907900000,0.9991664358664214,0.9994991413946819,1.0001081729453551,1.0000020707405348,0.9995257400107651,0.9992713860167747,0.9988681142861213,0.9999665637530188,0.9998173289998953,0.9994674572370392
356,2908175000,1.0003968070223068,0.999639246520164,0.999321696497692,1.0004168910127205,1.0001784349246656,0.9999507258225341,1.0009409435624923,0.9997354592636661,0.9995536854912863,1.000620047429087
357,2908450000,0.9990489242591224,1.0016632520924056,0.9990493929383986,1.0006999666584797,1.0006328365911934,0.9994339183430189,0.9996240239093116,0.999874283717201,0.9998641841807258,1.000759527327245
358,2908725000,1.0000676167691764,0.998776539752554,0.9991725822594664,0.9994130105267014,1.000685749033672,0.999111925217682,1.0005399035873694,1.0002131926238629,0.9988442407622309,0.999191714286708
359,2909000000,0.9991833496277843,0.9992162311687456,1.0000346465164633,0.9987038950382657,1.000341004328688,0.9992694336048866,1.0007126263995412,1.0001958095819994,1.0018528161585059,1.0013017110355862
360,2909275000,0.9997830006183581,1.0000443199352869,1.000329079203497,0.9994962791051152,0.9999555100839232,1.0004824881791887,1.0000491985181745,1.000412663638825,0.9985198398100501,0.9985269679137654
361,2909550000,0.9996485024216313,0.999240210461071,1.000036773291584,0.9993655127005163,0.9998002618824496,0.9995207782173808,1.0007607858303726,1.0004570084687883,1.0001494462538263,1.0007861951272936
362,2909825000,0.999820233046762,0.9994801697922695,1.0006109714917204,0.9993626004517948,0.9996465713848256,1.0004997819745418,0.9998700531034282,1.00108542451281,0.9995997360703385,0.9997442171430349
363,2910100000,1.0001461611331701,0.9992446947617298,1.0002404385194383,0.9998260630807306,0.999456217460542,0.9998508241016496,0.999588536234157,0.9995457440204614,1.00073450903819,1.0001872318213918
364,2910375000,0.9997602252737013,1.0001651094513893,1.0003540874569126,1.0005129967201731,0.9995171361604485,1.0003625932726776,0.9996786804649186,0.9998867906471135,1.0003535131391301,0.999420914393635
365,2910650000,1.000384295008,1.0001246028065194,1.0003890393820951,0.9993931315869766,0.9993844743362024,0.9997503700439447,1.0011636262877,0.9989754370542557,0.9984968833159134,0.9998717823562611
366,2910925000,0.9994559234167305,1.0001746085167202,1.0001742274940708,1.0000474883489816,1.0006835291606462,1.0004108515923895,0.9987927498805659,1.0000358162807783,0.9994493553731398,1.0007466239600642
367,2911200000,0.9993944855864529,1.0002427503825901,0.9999340044723024,0.9998021753978571,1.0014502593551202,0.9991240211239444,0.9988866605493105,1.0003576622413384,1.0006931500741112,0.9983140651282056
368,2911475000,0.9994007165037224,0.9995571885838757,1.0000167583497201,0.9991827081850796,0.9994507320681578,1.0008716611654178,0.9987007014588054,0.9995811066098278,1.0010587914156006,1.0016880426351924
369,2911750000,0.9998240396979444,1.0005516526905007,0.9998909713329468,0.9999053633166536,0.9998696866155298,1.0003807667896187,0.9987995066958272,0.9998902755077048,0.9995327674308093,0.9996298301696831
370,2912025000,0.999914939088867,0.9995443262140582,0.9997747314800809,1.000399203702701,1.0005099878725292,1.0001384335697059,0.9997461603962368,1.0002572204950455,1.0017473273032613,0.998749904860351
371,2912300000,0.9994001032893834,1.0000807319545633,0.9995802433070472,0.9999613524869811,0.9999958791802461,1.0011911262363449,1.000965747827434,1.0002469892360637,0.9990526474569037,0.9987615708903428
372,2912575000,1.0010873352310286,0.9999920020391967,0.9999255248914801,0.9998989869450976,1.0000143747870522,0.9995433744475268,0.9993746369528801,0.9997736836750546,0.9990303957172966,1.0001163028951063
373,2912850000,0.9989728185421944,0.9994555172124371,1.0007457894477982,0.9991957827180736,0.9999383707320922,0.9997346705303367,0.9980299316843624,0.9996622598006064,1.0009323007728959,1.001424551748036
374,2913125000,0.9997415821943817,0.9990338468983074,0.9995924551800016,0.9999877374794047,0.998749331836284,0.9997737191021074,1.0002060582362213,1.0000436837504612,0.9995867871074336,1.0001609373651301
375,2913400000,0.9997561827081026,0.9996591420693739,0.9989893187153267,1.000452144669249,0.9998739979829108,1.0005432255991726,0.9993811936309042,1.0001559112908252,1.0009350937472692,0.9995968766844099
376,2913675000,1.0009095028334067,0.9996554134889402,1.0003602802561387,1.000837708209635,1.0001501217828348,1.0002235114195726,0.9994968557126533,0.9995209672464425,1.0004372305868119,1.0004244682042287
377,2913950000,0.9997570636794403,1.0001482296625674,0.9996593400210826,0.9998483101066532,0.9999336968244751,0.9997982131710406,1.0001094617177146,1.000534131410789,1.0007206187893973,0.9999035945272896
378,2914225000,0.999459401015485,0.9996724192604804,1.0006106733301943,1.0010125063887787,1.000426764767965,1.0005276394725975,0.9997944367386337,1.0002751794902334,0.9997592611414436,0.9990506360938947
379,2914500000,0.9995828309822227,0.9996691486334293,0.999799101583516,1.0001014052973165,1.0005410089266265,0.999317040490755,1.0010645563308769,1.0001557243442536,0.9998042911431035,0.9992383190259428
380,2914775000,1.0000350209525717,1.0006415378020457,0.9993201017965303,1.0003023568061007,0.9986618509681997,0.9990005802047517,0.9989061062123898,0.9998304771281217,0.9980317956211469,0.9994684988416591
381,2915050000,1.0006408855876756,0.9992542677160757,0.9991595993090407,0.9999186089565743,0.9996789758664852,0.9995551707803647,0.9990610873737642,1.0002229535431688,0.9990351701057956,1.0011684429124548
382,2915325000,0.999516902561756,0.9999773490850319,1.0001332166091528,1.00032908121673,0.9994102396222304,0.9996326342894581,0.9998087832338549,1.0011034906726217,1.0010018341106806,1.0000923449620531
383,2915600000,0.9996674101261559,1.000457658990474,1.0000103063334473,1.0005584166275048,1.0001280737853306,0.998459388573725,0.9989687953987816,1.0002188708429736,1.0001579093751864,0.9984901540754588
384,2915875000,0.9998106976555516,0.9995221965721425,1.0002072989414759,1.000106795181937,1.0002027123830655,0.9998440316560909,0.9998491495720696,1.0006180622271679,1.0004358531149966,0.9993164478422185
385,2916150000,0.9987860632775906,0.999468582450219,0.9998595503652009,0.9999874300437455,0.9986179766981046,1.0000164972585717,1.0002520030032025,1.000040260529548,0.9992193525514486,1.000069901285474
386,2916425000,0.9998669878554678,0.9992546788487506,0.9999034341320558,1.000498416591428,0.9996956404746511,1.0009601050532502,1.0015933081117543,0.9999569954783805,0.9994351185786327,1.0003979563987
387,2916700000,1.0007312183794588,1.0008540306384992,1.0000351080753171,1.0002821994765647,0.9998902965381161,1.0001466130192802,0.9994303329723636,0.999508340585878,1.0001073128859244,1.0011493178508504
388,2916975000,0.9991212925365598,0.9998779768010709,1.0000432800190875,0.998831948973909,0.9990917573576132,1.0003609987984856,0.9973631718954376,0.9994372560083913,1.000318723506522,1.0001400833323832
389,2917250000,1.0001227956481917,0.9995400906863543,0.9996333425290852,1.0016178997469054,0.9995691402923731,1.0005811923209171,1.000405556086362,0.9999425075190698,0.999266705445922,0.9987245820337532
390,2917525000,0.9999868191100709,0.9994691117546303,1.0002372320409392,1.0003160317706996,1.0001824700030255,1.0004418387172398,0.9985454089560635,0.999762995722756,1.0004885369068208,1.0003808318012601
391,2917800000,1.0000002061592828,0.9991998923933686,1.0005396090492653,1.0008675339105095,1.0001814662375,1.0004607308130187,1.0004395263820332,1.000228335835174,1.0015713717245682,0.998065958443625
392,2918075000,0.9998525034289056,1.0005071876830705,0.9996974835795461,1.0005411350584912,0.9994842133516632,0.9987199828397629,0.9998782437007377,1.0006598898738819,0.9996997138233568,1.001406348623219
393,2918350000,0.9990686617236189,0.9997335178896113,0.9997019769968923,1.000868594817676,1.0004464453104858,0.9990660309581239,0.9984461064147266,0.9997392253433852,0.997834882883861,1.0006914791491657
394,2918625000,1.0002187378965752,1.0013568621090618,1.0002996054556017,1.0002899406058168,1.0006882596619477,1.0007470088586183,0.9990994525530221,1.0000522669187106,1.000264057525253,0.9987649577963735
395,2918900000,0.999971180744175,0.9993478786937555,0.9995502143463197,1.0006949149680773,1.0003277492896714,1.0000907389790819,0.9997522489989881,1.0000914447397578,0.999973440227871,0.9997905165011753
396,2919175000,1.0003828601447846,0.9986293720254596,0.9998929592622154,1.000518061592521,1.0008631223379525,0.9986131746175729,0.9990072765422323,1.0002677486280556,0.9985221201566313,1.0009818162237187
397,2919450000,0.9994510487201915,1.0002826986274953,0.9994567890605738,0.9997923258496688,0.9993865878817789,1.0003061790003431,0.9998871113087637,0.9998884486443628,1.0007823707771597,0.9995671294464685
398,2919725000,1.0002818765553698,0.9996334496392081,1.0002987634237432,0.9998341108643061,1.0004143248950523,0.9999021624317067,0.9988591441219735,0.9996026190934595,1.0011108088457357,0.9997897198141533
399,2920000000,1.0005068273613267,1.00016765850378,0.9994712597513242,0.9997570580026828,1.0002712905092035,0.9992388466995422,0.9991313411487082,1.0002242158311545,1.001325962155875,0.9996348445330631
