,frequency,-30 C,-20 C up,-10 C up,0C up,10 C up,20 C up,30 C up,40 C up,50,40,30,20,10,0,-10,-20,-30
0,2811100000,0.9991724000742478,0.9999654785801221,0.9984645778301293,0.9985123974456135,0.9992810885042731,0.9990480971883168,0.9980837428690634,0.9978656833134589,0.9991840051396764,0.9981461128258149,0.9968369782625609,0.9990412870492978,0.9985719091256087,0.9990652702044375,1.0008021119956756,1.0001486969051547,0.9993996724068815
1,2812200000,0.9997639599619506,1.000299936289885,0.9987966174610332,0.9991324047477471,0.99857718275359,0.998585638358361,0.9978988269132075,0.9986257017819382,1.000283995101359,0.9983873333451477,0.9986706252067507,0.9993168953609135,1.0002862988975187,0.9996724254278838,0.9988973685372383,0.9976911675526822,0.9982171641642164
2,2813300000,0.9986497608619954,0.9999133588306895,0.9983413196916033,0.9987714986198222,1.000435432478921,0.9988671854483673,0.9985763518221796,1.0003055755393246,1.0004124213058792,0.9984418061910368,0.9997441404647511,1.0004282149203847,0.9993746051968704,0.9988175966828251,0.9980708854132092,0.9985417364485524,0.998823695976756
3,2814400000,0.9978971249101929,0.9989661563075847,0.9983887738794122,0.9980040840275681,0.9998020732741746,0.9987755129264514,0.99958777136094,1.0000632356763057,0.9992769123836365,0.9993310666489372,0.998481786111507,0.9987835071572042,0.9987999567554705,0.9988127588046123,0.9996158165004405,0.9988104203280939,0.9978444405198451
4,2815500000,0.999533106076013,0.998459709017844,1.0000184284520983,0.9992982811322961,0.9997485468419924,0.9987856312147424,0.9990682371736316,0.998350912940054,1.0000315512357034,0.9984462597221077,0.9992888961880121,0.9978613240666678,0.9966948929930157,0.9991441920476353,0.9994906282571366,0.9982334829207372,0.9989660928187032
5,2816600000,0.997967235823741,0.9983168258118953,0.9986952600340089,0.9982290524492646,0.998536515965446,0.99982573060237,0.9985442758249264,1.0005296808841475,1.0011857565127515,1.0003382202058655,1.0000362836088426,0.9989606716026366,0.9980503070453726,0.9980219498375099,0.9994218142059296,1.0000611335555567,0.9997237600051527
6,2817700000,0.998133484889256,0.9998305650779862,0.9997440743961341,1.0010477711037369,0.998257645475824,0.9993659222094115,0.999347619857837,1.000400644674816,0.999017824517947,0.9999068393428081,0.9981921933366531,1.0006956895997328,0.9995002750933681,0.9994523016604717,1.0000608617805768,0.9998770480519267,0.9995205922898408
7,2818800000,0.998091967661018,0.9986768682656229,0.9999778748371121,0.9983038934271506,0.9990842395764512,0.9994431262548613,0.9984655575922099,0.9989832176474591,1.00000829644481,0.9997072854378078,0.9993712187705694,0.9990104635125641,1.000310708937019,1.000148163515026,0.9977957710935493,0.9992946242397562,0.9976993021846595
8,2819900000,0.9975511748882054,1.000166785312056,0.9993036254209726,0.9993687291935999,0.9995402948203126,0.9992703759531535,0.9997078921465812,1.001166827755284,0.998271036087766,0.9992229742080506,0.9983154305335895,1.0004143658635656,0.9991434333373415,0.9990887213620789,0.9996584644278056,1.000546940647391,0.9984089574675067
9,2821000000,0.9989421859693042,0.9999460128830754,0.9991920959120902,0.9988315355721229,0.9998344338511583,0.9997069762790005,0.999186126011502,0.9998623932995838,1.0005170014243514,0.9994971572987645,0.9997843942448358,1.000081998505755,1.0001055373028982,1.0000129999311693,0.9995720890995137,0.9996810939934754,1.001583656998521
10,2822100000,1.0009630764192565,0.9996946226792149,0.9983870084875536,1.0000120342030578,1.0007440050279455,1.0010774795105086,1.0003346997059315,1.0006230378520826,1.0001908887977455,1.0014237161044168,0.9995731250695269,0.9994846898535007,0.9995055296436725,0.9981890077203504,1.0005670393446213,0.9990653803645985,0.9983438566582302
11,2823200000,0.9988055398107604,1.0007955691787442,0.9978667690496361,0.9980428044944569,0.9996190666681934,1.0014945435700333,0.9990719444678383,0.9987889902014417,0.9999829620440462,1.0000891254046935,1.000568729653123,0.999690392975671,0.9996068441746319,1.0009089072934705,0.999960279771501,0.9987141112171186,0.9991907501538184
12,2824300000,0.9998272293268743,0.9998691526357778,0.9993716572096932,0.9997411237614281,0.9993789141823891,1.0001038660581563,0.9999355134382268,0.998636401416795,1.0002028138938481,0.999640013074156,0.9993981827787646,0.9995100383339652,0.9997506190282482,1.0001932750934348,1.0023372177761671,0.9987179633999087,0.9994600302723117
13,2825400000,1.001688156254143,1.0000617585088951,1.0001132057894946,0.9993863338844728,0.9998468939442089,1.0001537371538738,0.9988154152450592,0.9987444228729021,0.9989124881460583,0.9974184667252416,0.9990670146926082,1.0000663712333586,1.0018333587826365,1.0004072707200515,0.9995611705950841,0.9997120773296951,0.998955747823189
14,2826500000,1.0006089322385037,0.9982126908675546,0.9993575688542871,0.9993639922728941,1.0003441089359129,1.0003894722647435,1.0000097546168776,0.9990037383813966,1.0014355110406314,0.9995071866552132,0.99910144279725,1.0004969291057795,1.0001909473684127,0.9996940526415597,1.0001431018435145,0.9991001501125113,1.0005080705897185
15,2827600000,0.9998703289720293,1.0005774018529856,0.9997796862729723,0.9995395894122016,0.9997676249953282,1.0004589305259501,0.9993986436911586,0.999634344891179,0.9999137771122898,0.9997414714585438,0.9999711805743284,0.9991494310734709,1.0001700423148217,0.9999379124095104,1.000563488450675,0.9989342989198535,0.9998911266084595
16,2828700000,1.0013675736598417,0.9987001841453449,0.9988100253954011,0.9996815726688082,0.9973202341802367,1.0001711645831632,1.001244944127305,1.0016646051240778,0.9998701092537216,0.9997351463254754,0.9993258845284602,0.9993339540484545,1.0002960325363277,1.0007481867284647,1.0000184443024231,0.9999326852927767,0.9998020007795203
17,2829800000,0.9985591361209523,0.9994807882587928,1.0003910707141355,1.000270053783099,1.000346031915437,1.0000937946565533,0.9991719945438059,0.9982955283380293,1.0004351135822702,1.0007164800117978,0.9984262525333814,0.9996824126963724,1.0000112300388984,1.0005282798878854,1.000084614555424,1.0000647063720267,0.9995965076362697
18,2830900000,0.99852155661744,0.9990215615977698,0.9999951612647603,0.9988988258026693,0.9994979120673507,1.0001911126678247,0.9995549919172592,0.9981546656627939,0.9990390029519525,0.9996693960188736,1.0007133009146612,1.0000641004481496,0.9997120118422901,1.0002505415503544,1.000041252299669,0.9991277081089497,1.000389670915493
19,2832000000,0.9984178077502533,0.9986068415496351,1.001090563399057,0.9985639339583349,1.0011134881989159,0.9992665597081715,1.0006998779321727,1.000017873150481,0.9988053075646736,1.000361935112809,1.0002797326273412,1.000181691886865,1.0004045665816348,0.9986682428140476,0.9993068071199553,0.9986636633248365,1.000400441813318
20,2833100000,0.9992810177070481,0.9991543135143148,0.9981142824145555,0.9996306554025246,0.999309418498093,0.9991887546272822,0.9992273111605644,1.0000875171242916,0.9972263184011556,1.000270717243532,0.9995527475577346,1.000400635009917,1.0001864569507095,0.9991633770063006,0.9994811902191795,0.9998672176216231,0.9999411203879176
21,2834200000,0.9998244151893678,0.9983574306617246,0.9995647117296845,1.0006437512791793,0.9992941326380655,1.0002465594146168,0.9984914235370018,0.997588348038297,0.9990786286344366,0.9976560332414935,1.0000867276536927,1.0000220350306965,0.9990139865567058,0.9987731709403468,0.9997001236352944,0.999041422259588,0.9998023992973221
22,2835300000,1.0002075955681915,0.9997602406582271,0.9986461874152203,1.0001388763988623,0.9993689923916604,0.9981610492566672,0.9985349805607809,0.9997023198238121,0.998093006211178,0.9999332221349245,0.9991961948697073,0.9998997332632593,1.0004051901641713,1.0001228030582128,0.9981228230035583,0.9981382049155112,1.0006545740798813
23,2836400000,0.9990375782125602,1.0009326657346698,1.0009582116939852,1.001191597040214,0.9994812069490319,1.0003631081966977,0.9983595393606752,0.9990480692423858,0.9986043651487508,0.999102452432547,0.9999127895461409,1.0001869009793425,1.0010480980835188,1.0010116988985451,0.9996881861417448,0.9997444978576517,0.9979438523353062
24,2837500000,0.9991793454209442,1.0000677715486124,0.999573177770124,0.9991269974134449,1.00031253368343,0.9995539454989468,1.0012523476209085,0.9987444153887125,0.9995961828570198,0.9980711316618015,0.9983925330727357,0.9979707859474777,1.0001585671941902,1.0013100321303172,0.9993339209042048,1.0002609290656002,0.9984017769796056
25,2838600000,1.000880585751936,0.9992344974191592,0.9989233070054243,0.999965278200884,0.9988893639606881,1.0008059815665065,0.9987259876747048,0.9991431277894399,0.9990502316862464,1.000338184506668,1.0004885959202539,0.9993643899874532,1.000714415439108,0.9996139192935825,0.9985376266174124,1.0003696779961173,0.9982854195648814
26,2839700000,0.9979964500213496,0.9982566007514606,1.0002086768818235,0.99943660185932,1.0001569745015437,0.9997954840167207,0.9984536436285377,0.9997993585612497,0.9995292728998597,0.9986836416621241,0.9997654823359354,1.00082446312026,0.9978168871699893,0.9996478327053689,0.9989419306217905,0.999799867443917,0.998920960034839
27,2840800000,0.9996869946474446,0.9988843428990261,0.9997858384197261,0.9980279773929261,0.9993931005018886,0.998102113816245,1.000871982313475,0.998795410020327,0.9978286711674769,0.9971760393750243,0.9998893822221553,0.9986983700659408,0.9997048855821231,0.9989642254549017,0.9997470427348962,0.9999031257008426,0.9979071332487791
28,2841900000,0.999375094099897,0.9980711617681571,0.9994093469796287,0.9993459104956145,0.9999690738071386,0.9994770765924343,0.9985382686208187,0.9975513862257547,0.9972856625387002,0.999759966633012,0.9991453981247181,0.9984556982936694,0.9979675136471982,0.9998927876406538,1.0003074987741376,0.9996592994530753,0.9988271114407816
29,2843000000,1.0002383101081311,0.9991045690889928,1.0004520314282006,0.9992608224006834,0.9980986028038094,0.9989617710299074,0.9979965976099667,1.00018171774105,0.9973618459480748,0.9980406684298999,0.9989200497600889,0.9989632326285635,0.9983164249169476,0.9989343079204439,1.0000496527520253,0.9975980901178937,1.0002453532739197
30,2844100000,1.0001281860299287,0.9982224882708326,0.9999815461314334,0.999549147278329,0.9965971323020376,0.9983244762138925,0.9987330452680413,0.9975781347940296,0.9977598083890535,0.9994273790175003,0.9980001913266136,0.9981994923934197,0.9984246106461038,0.9978508131188942,1.0007520694968624,0.9991767657827354,0.9991064391250943
31,2845200000,0.9989708717358556,0.9982744779768806,0.9989278472342094,0.9984524497203768,0.997630680266677,0.999440373603937,0.9987695221753419,0.9995206763302009,0.9996974532249183,0.9961325388796458,0.9984381387059117,0.9974557522264029,0.9975026257004416,0.9994894940997847,0.9992883417093764,0.9989064678904394,0.9982674730369161
32,2846300000,0.9976277169926315,0.9987201418517612,0.9987912700316528,0.9985351079633442,0.9994604689897846,0.9981145542553909,0.9987054211022505,0.9986000844537409,0.9972745266984736,0.9995690874485547,0.9965126170153288,0.9987673613489161,0.9968645454973242,0.997474955044346,0.9991439336555589,0.997758937380891,0.9998466536901875
33,2847400000,0.998431653957235,0.9981119744146607,0.9985722461367444,0.9983880928997664,0.9967387734549411,0.9996334250279525,0.9968794348483422,0.9979404353278594,0.9979484573434587,0.9988966271158771,0.9984706852914769,0.9990567688668847,0.9975079522339996,0.9973199777366853,0.9982246366988073,0.9983769957123546,0.9982626546130473
34,2848500000,0.9966305234946067,0.9996368442292165,0.9993504281352379,0.9969738083607849,0.9989268426489286,0.999010405762419,0.9987453763797566,0.9973568475683855,0.9971005420547246,0.9972933764616225,0.9985070096065376,0.9984152217003832,0.9983600356364492,0.9979259099448813,0.9973365692127136,0.9965858620269674,0.9983103947849779
35,2849600000,0.9979230051201271,0.9982347301365186,0.9981422654535625,0.9975361190265903,0.9987250139067735,0.9973024439204171,0.9962979977406901,0.9969143948429199,0.9962458349903592,0.9969898028765046,0.9966850787915168,0.9964033436697913,0.9976328098491982,0.9967111972365638,0.9975151483605786,0.9998924211802576,0.997457740018895
36,2850700000,0.9980215176689595,0.9983376782481682,0.9995422813493674,0.9992735099616575,0.9977572732973969,0.9978141151819637,0.996744250110341,0.9968878225148908,0.9939893043943705,0.9968991090833523,0.9966384002480816,0.995882130548479,0.9971917737707491,0.9972082374881601,0.9963127109478289,0.9982614422156358,0.9980229796532463
37,2851800000,0.9980929224450791,0.9983153193379519,0.9972394367897552,0.997700736078089,0.9968521108620497,0.9963585802171027,0.9944630518628802,0.9940704892804695,0.9939678590815036,0.9943818900299551,0.9960172634101627,0.9961882043036928,0.9958340441934598,0.9976921790673521,0.9963537516809515,0.9981080864623092,0.9975528013995033
38,2852900000,0.9974000197752924,0.9963689919313892,0.997765871052055,0.9966743314495164,0.9965391394130928,0.9949527115349367,0.9932165508924377,0.9937422408150349,0.9933446235876873,0.9929030718237203,0.9950354416003072,0.9956152475699357,0.9953873769133873,0.9973623218288441,0.9968933037624066,0.9974314344876545,0.9977141443906885
39,2854000000,0.9970281100095579,0.9966834345886081,0.9960711330604645,0.995337054221475,0.9957797241852542,0.9936194513723896,0.9922407754668193,0.9931215568288276,0.9910834303609881,0.9928320949630981,0.9939014109941176,0.9934844238333733,0.9943452137476148,0.9954820547815829,0.9963120174886538,0.9965184155342038,0.9975617811386265
40,2855100000,0.9977479088856084,0.9972709610241788,0.9952821669914352,0.9956591926477737,0.9948999358264061,0.9934216444314471,0.9913637820467802,0.9906032788892707,0.988112677652042,0.9906071403647496,0.9920375459458879,0.9931068407982011,0.9935740287044731,0.9931592207681643,0.9949618687362174,0.9950007173222783,0.996891513599237
41,2856200000,0.9954279841183381,0.9952373385272832,0.9937988296452974,0.9956650870408383,0.9927431679582879,0.9910847596482697,0.9900191086611512,0.988625451933498,0.9880242960378234,0.9883272356919783,0.991760828876973,0.9914074764127774,0.992705043688608,0.9924978558645902,0.9948396436913691,0.9951631825302211,0.9958412374464446
42,2857300000,0.9942556356489736,0.9934037426924304,0.9944738359445204,0.9932650001667088,0.9907830478993531,0.9894675864791326,0.9884868114647368,0.9877899377226359,0.9841705323010634,0.9861949234185596,0.9899699792187108,0.9902113810556042,0.9914136728167897,0.9936535773856948,0.9927508398098966,0.9927601750543277,0.9941951358688801
43,2858400000,0.9914939489113659,0.9921387995771083,0.9923445750207133,0.9897341104957804,0.9911141523294277,0.9871008254000737,0.9862996969556797,0.9846247201415902,0.9820128750524417,0.984518310572092,0.9869201597313486,0.9870001843880931,0.9890593622009155,0.9908506667490312,0.9923607264295944,0.992528712552191,0.9913815102626443
44,2859500000,0.9900618942429462,0.9910142210899768,0.9893638787328134,0.9901420717753909,0.9875232783680948,0.9853500546939185,0.9813221825116752,0.9834239136016474,0.9791138588142235,0.9822401592349653,0.9833203121258548,0.9859969911111628,0.9860425172800592,0.9887616426506656,0.9885766522086382,0.9898643831362897,0.9921313622242754
45,2860600000,0.98969397413614,0.9894096017007876,0.98855172187949,0.9856628100847069,0.9839823290829389,0.9825712514382632,0.9806724104337932,0.9794920474573658,0.9764342608829066,0.9786380004338837,0.9825554170866828,0.9824862199768771,0.9854534413376421,0.9857711928201035,0.9884347748240295,0.988935068833185,0.9891358241895574
46,2861700000,0.986975485677917,0.9855260633584171,0.9842086975490516,0.985023005978748,0.9820492195857049,0.979116736796447,0.978109985470011,0.9751023151278223,0.9725064283690865,0.9752155347498617,0.9775561556820562,0.9790489052056833,0.9812220497018305,0.9850259353401932,0.9851988603767038,0.9871389024106252,0.9875963655205477
47,2862800000,0.9857147883786679,0.9845320304419892,0.9838699177038602,0.9806023841752176,0.9783324430071264,0.9765827243530462,0.9719552315076568,0.9723204135664264,0.9705631224994086,0.9720421155016555,0.971723440932206,0.9770663204351265,0.9779510511003631,0.9808879856739493,0.9825046980357068,0.9828190003309295,0.9859912394229837
48,2863900000,0.9828648745502724,0.9819455658938692,0.9794900769233974,0.9782596402527649,0.9750959493110398,0.9727183446868213,0.9701556609492057,0.9708180625296772,0.9716373049574869,0.9702864536746052,0.970397295331361,0.9716787679531245,0.9760959612490353,0.9778900498684541,0.9808456483423181,0.9834242241152745,0.9845267662114289
49,2865000000,0.9824294503355108,0.9793627644328509,0.9772093446396518,0.9734629446988844,0.9708571256649636,0.9700190086454807,0.9686662635412774,0.9715800443325983,0.9771345263906239,0.9718704993962453,0.9696022651106866,0.9705410575288864,0.9723426931917171,0.9747422592097534,0.9753549075717378,0.9786827984892005,0.9786928991911135
50,2866100000,0.9780308547533924,0.9747425361650577,0.974509172389689,0.9717041309878388,0.9684482664562558,0.9702638526580883,0.9736893148423998,0.9775628123598489,0.9791030259884587,0.9769415753513155,0.9720588492591437,0.9699508330978982,0.9701662667453514,0.9711892445109798,0.9716681466273077,0.9757848538805438,0.9761231445128483
51,2867200000,0.9736625823071191,0.9711901844776736,0.9693788800777342,0.967964896499766,0.9690828739499218,0.9765474104321057,0.978703042276417,0.9820427870101299,0.9793396544974164,0.9791555090989617,0.9774801807714537,0.9742751094180718,0.9696395250467924,0.9692575227092352,0.970787747796273,0.9714959746294962,0.973591972123533
52,2868300000,0.9693316904893255,0.96810628421409,0.969882774594078,0.970918268675845,0.9754917345523423,0.9789124681924062,0.9785111971433303,0.9778210543385094,0.9749276119459869,0.9774910697981538,0.9798251940850754,0.9781573050984452,0.9728879350180833,0.971595680977918,0.9692976790829446,0.9685579058707295,0.9693005353980351
53,2869400000,0.968733859700852,0.9705873147324161,0.9722726377808096,0.9775374198954767,0.9803861395674384,0.9818963502459068,0.9773498432389334,0.9718885037267031,0.9706271885690813,0.9716761517034149,0.976727085835006,0.9803603190757194,0.9800373544266707,0.9764141548914818,0.9724387549703353,0.9680057764958285,0.9682616652223751
54,2870500000,0.9706961561752101,0.9735170276527199,0.9780888214499894,0.9779914704806763,0.9808252687717691,0.9760777710193187,0.9708300074579788,0.9707786698235038,0.9716778893824507,0.9701590192688759,0.9713982996460465,0.9753154686709115,0.9787423862210469,0.9793193518244091,0.9792364348970752,0.9758323337647068,0.9714335505870256
55,2871600000,0.9762753819677022,0.9801629357952245,0.9794365624355769,0.9776333928972647,0.9734602095994481,0.9710836879255145,0.969597527277222,0.9698183877228107,0.9730918244192184,0.9706442983212598,0.9690568846437483,0.9708901752728444,0.9732497665720492,0.9773474639499918,0.9794280477612364,0.9785510371838121,0.9758350271173346
56,2872700000,0.978345269783618,0.9792192057484734,0.9751526116182692,0.9699980531760225,0.970089838941181,0.9704792860564677,0.9712822562193977,0.9742325108486561,0.9767700901423841,0.9733460946277395,0.972377601380106,0.9709097043803955,0.9703315099271016,0.9724307902341693,0.9755921119014455,0.9789661457968201,0.9784660337431863
57,2873800000,0.9777610597449656,0.9730316552003386,0.9695500084133682,0.9679555031463283,0.9694250725365982,0.9712109142147503,0.9733306187059877,0.9770490221771254,0.9801695294379581,0.9765194617397956,0.9741949944763341,0.9726036991631769,0.9686775841397072,0.9704738133515379,0.9722409054770033,0.9739583585559368,0.9762998407250579
58,2874900000,0.9705551595316547,0.9697903665414873,0.9686276911845381,0.9699378252240715,0.9714688287523467,0.9760099449470704,0.9776061827669887,0.9803726883792611,0.9823098358348777,0.9797806971114474,0.9776798483041133,0.974860891380221,0.9711369071421441,0.9683982479575067,0.9696442803643147,0.9690162072557361,0.9714539003349136
59,2876000000,0.967518805243958,0.9679164516371939,0.9695463219673215,0.9726586781963557,0.9750986979545194,0.9791640230532825,0.9807024050570949,0.9839249287905558,0.9857047042344685,0.9828788113989835,0.9794142769452275,0.9774758036852983,0.9746036689891385,0.9737417838136316,0.9703803729349808,0.968241539612138,0.9679174195112203
60,2877100000,0.9690123084012348,0.9719290258039163,0.9732373768879337,0.9748546356340374,0.980204118305472,0.981134336485469,0.9836115560215266,0.9860290244414625,0.9875266043972349,0.9850737196958063,0.9831509120677784,0.9811379256838375,0.9776449737057114,0.9753633392926971,0.9726938199077438,0.9705421378576665,0.9708441042568611
61,2878200000,0.9711711619700133,0.9747055222198578,0.9766885815408496,0.9783023605883063,0.9817928905815982,0.9841986557921981,0.9867206417790381,0.9888940387696228,0.9885439303197571,0.9859023937095426,0.9848289929644108,0.9825293204163346,0.9823798305781823,0.9791213045704339,0.9767445921941179,0.9732929258830066,0.9716190450562512
62,2879300000,0.977025306612648,0.9789693113772246,0.9813749598908142,0.9821635596078176,0.9833763050138271,0.986606882494155,0.9889583200001817,0.9885463523816066,0.9893809936151786,0.989591223182857,0.9875111928776672,0.9874152778160684,0.984159813617422,0.982477267640373,0.9807833935249428,0.9792577095443664,0.9768107321230055
63,2880400000,0.9795152300529624,0.98139507995649,0.9847423185615258,0.983434236322994,0.9879303653232167,0.9874985883266848,0.9900696643069574,0.9906155952389757,0.9911383698548032,0.9916309673076574,0.9898330598351234,0.9878039461971737,0.9856799236645212,0.9857466561957654,0.9830876726228662,0.9807627984869128,0.9790759450346869
64,2881500000,0.9819880041204441,0.9849232442552698,0.9867054250400952,0.9874025105232072,0.9891806363242721,0.9913431121278935,0.9898806221884072,0.9914273887467345,0.9952005275801487,0.9926235840761399,0.9903219402838602,0.9895328863336718,0.9890593617298623,0.9892397447078894,0.9875744615706283,0.9849024736803366,0.9832099471970401
65,2882600000,0.9841814721077246,0.9857389373586084,0.9885146672751733,0.9875378700453846,0.9924906500282619,0.9918367047676937,0.9933277588352167,0.9938908687425501,0.995542097435517,0.9937956498231669,0.9937594903729974,0.9923473046919928,0.9912377223934578,0.9870014975850737,0.9885113697003293,0.9866450699732127,0.9852085287448811
66,2883700000,0.9875195809249235,0.9873085514319229,0.988556836650627,0.9896458741739186,0.9920803820681933,0.9929038261108459,0.9942146752120914,0.9950216723917003,0.995457075014947,0.9937742342492025,0.9948935974769721,0.9940186168614413,0.9928151674696349,0.9914639659042602,0.98830601151838,0.9888373037262863,0.9887165656719589
67,2884800000,0.988868607713321,0.9916195209575791,0.9925158561839064,0.9922432608920128,0.9934146307995738,0.9954839815222131,0.994521655818704,0.9955754369211229,0.9973091164468116,0.9952959732268245,0.9946851435218217,0.9937406836378153,0.9945121583851444,0.9923671676729823,0.9914339953122634,0.9903611454610769,0.9887127682003681
68,2885900000,0.9901450625505779,0.9921972536339266,0.992061397786436,0.9939618115373369,0.9936157113791118,0.9948069085518473,0.995583050663312,0.9966448168647268,0.9983228825899275,0.9965966879604695,0.9951698011341543,0.9959088137637718,0.9948813174378079,0.9935677319697365,0.9933727641361464,0.993195015936347,0.9908866113143946
69,2887000000,0.992383378398781,0.9934494686270537,0.9931854743461942,0.9947919025853743,0.9960954265278367,0.9959110716170001,0.9972701894501448,0.9979253300130208,0.9961792790449726,0.9974802655192532,0.9971224089536692,0.9949795312749121,0.9940073277016065,0.9937331751712629,0.9960193342667737,0.991804465614345,0.9926121399908769
70,2888100000,0.9926691538522708,0.9947948331473025,0.9965662083332365,0.9961054048997389,0.9966905116505019,0.9965478613084849,0.9965371763499403,0.9977502296806839,0.9983824414722295,0.9974142765227807,0.9970220603315963,0.9980044742034055,0.9969658045932663,0.9965815746971384,0.9948692678961328,0.9951271979597844,0.992816324497239
71,2889200000,0.9955433818304498,0.9965765618612985,0.9964209742479186,0.9965317132899654,0.9971211412392418,0.9956879708892272,0.9967608292420103,0.9978510887961481,0.9979107737583642,0.998691507452246,0.9981059174985416,0.9973473490719589,0.9983681176903151,0.9944616894265139,0.9967199181099736,0.9951420235119979,0.994156526017931
72,2890300000,0.9966005473608186,0.9964146001872732,0.9958108394121867,0.9974583027733843,0.9978949702254912,0.9970952583273247,0.9974136259780836,0.9976215421932793,0.9982886501694052,0.9979268536629959,0.9977494406186521,0.9971130320443339,0.9966105636606118,0.9956131174493,0.9965838731153029,0.9958275130190564,0.9956247909726955
73,2891400000,0.9979937601052205,0.9976808352632834,0.9976595256525236,0.9983104000481335,0.998106552511923,0.9995276708018939,0.9981423481582442,0.9970626431297945,0.9975987472830601,0.9986068426831355,0.9995032346958381,0.9984773084401272,0.9985092407817588,0.9971552335635177,0.9960799940300283,0.9956669536042502,0.9949773156899812
74,2892500000,0.998184129918844,0.9964133992619248,0.9977225274714331,0.9994756466444037,0.9983021523627056,0.99686567372242,0.9981002745457056,0.9981044813179235,0.9991445011238258,0.9975570485503288,0.9964270703147221,0.9972024525698955,0.99841409622909,0.9973456335122202,0.9967888058036565,0.9963331343341573,0.9977750959287123
75,2893600000,0.9985210818407391,0.9973928401181243,0.997581743521646,0.998298274676299,0.9975409008203057,0.9981017951753696,0.9978552674604941,0.9989721861738485,0.9988678626702973,0.9994623603767265,0.9995892831304151,0.9986247074720345,0.9960370700591765,0.9975288128487656,0.9987332712032081,0.9963263074648127,0.9967814931253892
76,2894700000,0.9981945683941642,0.9979276596983697,0.9990542985777164,0.9969774577496368,0.9986520597677271,0.9992986722162832,1.0008450432945608,0.9982367396006352,0.9985252804292909,0.9995543720680692,0.9978625786605462,0.9987222192606997,0.9992489108879732,0.9981723498775775,0.9970291819369089,0.9977940914978077,0.9988678915205191
77,2895800000,0.9976252514568495,0.9989944769813851,0.9993203623032128,0.9985695152372052,0.9971299394052036,0.9990643078355353,0.9985494077228613,0.9994953202690673,1.000445434572462,0.9990941518011642,0.9974443153902923,0.9994972745055929,0.997238577367737,0.9977526220181137,0.9972089176492491,0.9975743275419504,0.9961619401043803
78,2896900000,0.9986516323780594,0.997612305746719,0.9988659557184502,0.9984537484076391,0.9969845490771188,1.0003082888229833,0.9987265865136689,0.9979064369565115,0.9991700996976174,0.9999232086871204,0.9986116029867855,0.9975252313871935,0.9969701420983524,1.000599873041906,0.9984175707021187,0.9988079898116579,0.997596198681522
79,2898000000,0.9979415810471344,0.9994213774234083,0.9985931611700175,0.9992406333814938,0.9987509513374435,0.9997211338011905,0.9999564885993928,0.9989303557704372,0.9989300755480036,0.998821154001818,0.9976257085800444,1.0003372708419203,0.999159233087144,0.9982600806124334,0.9999773439302171,0.9995926138724293,1.0002250541600823
80,2899100000,1.0004847764570102,0.9982688758580776,0.9993479413387163,0.9991483822044077,0.9984796280423517,0.9976648554372419,0.9993458553176782,0.9992904188253103,0.9989128767728356,0.9976178830864554,0.997662271208095,0.9992263371660257,0.998616459154477,0.9982406363036952,0.9995915662544118,0.9998671955150708,0.9998621175523924
81,2900200000,0.9999579490852344,0.9998250761443306,0.9992803492389707,0.9986495291394155,0.9985017453928203,0.9999858093486442,1.0001037985153514,0.9988762634092588,1.0008080055580435,0.9980238102894652,0.9997210939797766,0.9984432923548827,0.9998763792396097,0.997689272958362,1.0007407351767785,0.9982477211094932,0.9987580560206857
82,2901300000,0.9994609306525694,1.0001165678025292,0.9990416358979974,1.0010499818313985,1.0000786429983177,0.9999845041080563,0.99782952741735,0.9991584976679962,1.0001694219377746,0.9995467032447002,0.9994403821730815,1.0020150054557595,0.997617537715775,0.9992411857145593,0.9986959611804588,1.000096329147655,0.9991467387338989
83,2902400000,0.9997063586697877,0.9979264794931119,1.0000966561228861,1.0000644677615003,0.999755370442446,1.0010641697064615,1.0000531728258948,0.9992820092466514,0.9976737613726825,0.9998052934332767,0.9994044762226304,1.0002359417947906,1.000365513404092,0.9990820694975973,0.9999614751730146,0.9990840656599487,0.9992104681016456
84,2903500000,0.9992125275812027,0.9993446954019315,0.9991238538013943,1.0008703144482731,1.000009904247696,0.9993960881234627,1.0002819189308416,0.9999173155661312,0.9995962953400593,1.0010529964636505,0.9994913705901537,0.9998913932165002,0.9988070825395983,0.9994949254973985,1.0003808420012534,0.999786626118966,0.999205266025343
85,2904600000,0.9988187894590408,1.0007370067644716,0.9981650822248074,0.9994344183741964,1.000553893095431,0.9987625729373518,1.0005648401850606,0.9983500369944144,0.9998066096858776,1.0004030374276158,1.0019505575214007,1.0004364648436432,0.9996833904410207,1.0005055205016409,1.0013780126954561,0.9991559938561293,1.0002065042167914
86,2905700000,0.9984904733283334,0.9994482858903969,0.9990647740060072,0.9999331711724955,0.9979741615400363,1.0001081373344145,0.9995711637073967,0.9991165467969403,1.0008294499031216,0.9986404608873278,1.0001633331237,0.9993386299058935,0.9993841157201633,0.9992692675760468,1.0005306561833256,0.9973453720750706,0.9988916272841097
87,2906800000,0.9969526327132476,0.997995301288239,0.9997534904346584,1.0018124080221897,1.0004234323909744,1.0003289800447785,1.0014208551635395,0.9985361680867094,1.0005684347907524,0.9986684852689692,0.999217498142484,0.9980665697225112,0.9994984369310548,0.9994064808250042,0.9998692121450674,1.0005944336109696,0.9999681011411478
88,2907900000,0.99909049682369,0.9986165677581381,0.9992166286099778,0.999006094360353,0.9994783349407889,0.9999104567652862,0.9999859016297741,0.9992488520521999,0.9994824833037894,0.9992880871974061,0.9994592656466318,1.0002588827736834,0.999504665524434,1.000503149896264,0.9990959375972255,0.9995142650565365,1.0003034556678436
89,2909000000,0.9984597577039197,0.9988556126324615,1.0000059660493676,0.9991996289204057,1.0004994751347729,0.9993703456885616,0.99840781024006,1.0004165013284922,1.0007127352847633,0.9995810722817634,0.9985791674889932,1.000177578557775,0.9986026132964179,1.001001544644595,0.9999496068931527,1.0000895187443062,1.0007110668051369
90,2910100000,0.9999919038980015,0.9990246715280301,0.9994866218587243,1.00118955521922,0.9983584843321501,0.9972490691242536,0.9998588785916261,0.9982728313322532,0.9999281553738039,1.000470340829627,1.001624734941638,1.0007996382744544,0.9986502328437085,0.9997158081133193,1.0016258169877428,0.99932365115064,0.99921730547532
91,2911200000,0.9993833619427451,1.000085510181492,1.0006317392735482,0.9987822651156308,0.9997207001990085,0.9986463026316579,1.0003753690266308,1.000243199306087,0.999651487930155,1.0010283215410276,1.000689455337506,0.9997645483667272,0.997953237163559,0.9995791453348124,0.9996183572434147,1.0005784214150413,0.9986549074785097
92,2912300000,1.0013313259568575,1.0003978383877234,1.0000563129374829,0.9988976655775327,0.9997271916718151,1.001973730354843,0.9986832236886202,1.0005548454526432,1.0019433161316404,0.9994578829925981,0.99903888852509,1.00105432204904,1.0016127390948955,1.001178641636233,0.9995335995710782,0.9999928237260398,1.0008390671563157
93,2913400000,0.9987869623304486,0.9999765580942781,1.002062253637404,0.9998334726162788,0.9998489978600681,1.0015244646366677,0.9991051584868017,0.9997817291319278,1.0004675848637086,1.000186650007804,0.9990994916705985,1.0003426181786486,0.999984501749175,1.000992113993374,1.001295178006416,0.9985376040770122,1.000162200169375
94,2914500000,0.999952756064134,0.9993806757946412,0.9995655451100881,0.9988599346827328,1.0010989324969146,0.9999337404270017,0.9996374277042251,1.0009354218831334,1.0010347560038813,1.0009556937687722,0.9988181832934959,0.9998278009098309,0.9998650286823774,0.9995660716953599,1.000775623934181,0.999001194899591,1.0001992612465216
95,2915600000,1.0003031380137504,0.9999058766626724,0.9991731067288288,0.9992815835758238,1.001684646054303,1.0005272194450674,0.9996645886020439,1.0002712579165853,0.9992922166816465,0.9995775557559314,0.9981099495311705,0.9987026481924484,1.0002121185488413,1.0006322006824016,1.0000183859261726,1.0021944112920476,1.0006819132728215
96,2916700000,0.9996461720927936,1.0000490380785139,0.9995340123113889,1.0007293073151804,0.9995512297295823,0.9993340084962469,1.000281042263969,0.9998004342972018,0.9999873737533551,1.0005369902362387,0.9990202900409669,1.0012991043548678,1.0011152557931773,0.9979195446417154,0.999013204645588,0.9996764518413962,0.9994138153861105
97,2917800000,1.0009221252691696,1.0012743002199609,1.00003249233457,0.9992163395279737,1.0010145678244595,0.998446726577875,1.0002941753032284,1.0004057897910523,0.9993106396650744,1.0000919396294408,0.9995252158750109,1.000204199716059,1.0002600847299012,0.9994239739192479,0.9993538164567219,0.9977713986113936,0.9992738080615243
98,2918900000,0.9986149352013728,0.998090730849489,0.9989273402986654,1.0018317740034595,1.000969175954214,1.0000872762270467,1.0013323455546383,0.9997075903239561,0.9986910041134339,0.9988074741754253,1.0004673416796874,0.9994220033209128,0.9997532450039194,0.9982824909422306,1.001106215467198,0.9980355146028257,0.9995517956208527
99,2920000000,1.0003200531916363,1.0021061441678312,1.0008893293215655,0.9983335203315726,0.9991306854279985,0.9998806974689811,0.9994980089468807,0.9982143611872467,1.0022074336546936,1.0004202929417636,0.9995094429760668,0.9985339699282291,1.0003135671578764,1.0002496572594257,1.0009733278606279,0.9992206270471085,0.9985927494703668
